len_src,        len_ht,diff_ht,absdiff_ht,nabsdiff_ht,        len_pemt,diff_pemt,absdiff_pemt,nabsdiff_pemt,        len_nmt1,diff_nmt1,absdiff_nmt1,nabsdiff_nmt1,        len_nmt2,diff_nmt2,absdiff_nmt2,nabsdiff_nmt2        
31,59,28,28,0.9032258064516129,54,23,23,0.7419354838709677,48,17,17,0.5483870967741935,60,29,29,0.9354838709677419
50,203,153,153,3.06,156,106,106,2.12,159,109,109,2.18,145,95,95,1.9
57,153,96,96,1.6842105263157894,135,78,78,1.368421052631579,153,96,96,1.6842105263157894,154,97,97,1.7017543859649122
51,141,90,90,1.7647058823529411,127,76,76,1.4901960784313726,149,98,98,1.9215686274509804,141,90,90,1.7647058823529411
63,167,104,104,1.6507936507936507,196,133,133,2.111111111111111,188,125,125,1.9841269841269842,172,109,109,1.7301587301587302
77,300,223,223,2.896103896103896,212,135,135,1.7532467532467533,268,191,191,2.4805194805194803,250,173,173,2.2467532467532467
79,211,132,132,1.6708860759493671,190,111,111,1.4050632911392404,163,84,84,1.0632911392405062,158,79,79,1.0
61,160,99,99,1.6229508196721312,164,103,103,1.6885245901639345,152,91,91,1.4918032786885247,145,84,84,1.3770491803278688
37,80,43,43,1.162162162162162,51,14,14,0.3783783783783784,80,43,43,1.162162162162162,85,48,48,1.2972972972972974
91,221,130,130,1.4285714285714286,233,142,142,1.5604395604395604,242,151,151,1.6593406593406594,196,105,105,1.1538461538461537
97,279,182,182,1.8762886597938144,272,175,175,1.8041237113402062,211,114,114,1.175257731958763,215,118,118,1.2164948453608246
44,88,44,44,1.0,103,59,59,1.3409090909090908,96,52,52,1.1818181818181819,109,65,65,1.4772727272727273
77,152,75,75,0.974025974025974,172,95,95,1.2337662337662338,172,95,95,1.2337662337662338,165,88,88,1.1428571428571428
88,205,117,117,1.3295454545454546,211,123,123,1.3977272727272727,203,115,115,1.3068181818181819,199,111,111,1.2613636363636365
89,239,150,150,1.6853932584269662,271,182,182,2.044943820224719,231,142,142,1.595505617977528,205,116,116,1.303370786516854
64,195,131,131,2.046875,165,101,101,1.578125,179,115,115,1.796875,163,99,99,1.546875
83,285,202,202,2.433734939759036,252,169,169,2.036144578313253,208,125,125,1.5060240963855422,202,119,119,1.4337349397590362
77,190,113,113,1.4675324675324675,179,102,102,1.3246753246753247,187,110,110,1.4285714285714286,176,99,99,1.2857142857142858
104,325,221,221,2.125,242,138,138,1.3269230769230769,294,190,190,1.8269230769230769,244,140,140,1.3461538461538463
102,295,193,193,1.892156862745098,255,153,153,1.5,277,175,175,1.7156862745098038,259,157,157,1.5392156862745099
52,144,92,92,1.7692307692307692,142,90,90,1.7307692307692308,145,93,93,1.7884615384615385,149,97,97,1.8653846153846154
102,229,127,127,1.2450980392156863,226,124,124,1.2156862745098038,226,124,124,1.2156862745098038,208,106,106,1.0392156862745099
56,135,79,79,1.4107142857142858,136,80,80,1.4285714285714286,146,90,90,1.6071428571428572,132,76,76,1.3571428571428572
51,152,101,101,1.9803921568627452,118,67,67,1.3137254901960784,142,91,91,1.7843137254901962,137,86,86,1.6862745098039216
61,186,125,125,2.0491803278688523,186,125,125,2.0491803278688523,174,113,113,1.8524590163934427,161,100,100,1.639344262295082
81,258,177,177,2.185185185185185,245,164,164,2.0246913580246915,254,173,173,2.1358024691358026,215,134,134,1.654320987654321
70,228,158,158,2.257142857142857,240,170,170,2.4285714285714284,283,213,213,3.0428571428571427,195,125,125,1.7857142857142858
56,146,90,90,1.6071428571428572,130,74,74,1.3214285714285714,134,78,78,1.3928571428571428,131,75,75,1.3392857142857142
51,130,79,79,1.5490196078431373,137,86,86,1.6862745098039216,109,58,58,1.1372549019607843,132,81,81,1.588235294117647
64,206,142,142,2.21875,176,112,112,1.75,174,110,110,1.71875,148,84,84,1.3125
52,173,121,121,2.326923076923077,173,121,121,2.326923076923077,194,142,142,2.730769230769231,137,85,85,1.6346153846153846
80,198,118,118,1.475,157,77,77,0.9625,228,148,148,1.85,176,96,96,1.2
88,248,160,160,1.8181818181818181,257,169,169,1.9204545454545454,271,183,183,2.0795454545454546,243,155,155,1.7613636363636365
105,333,228,228,2.1714285714285713,309,204,204,1.9428571428571428,282,177,177,1.6857142857142857,252,147,147,1.4
66,179,113,113,1.7121212121212122,145,79,79,1.196969696969697,180,114,114,1.7272727272727273,171,105,105,1.5909090909090908
49,160,111,111,2.2653061224489797,142,93,93,1.8979591836734695,118,69,69,1.4081632653061225,118,69,69,1.4081632653061225
68,193,125,125,1.838235294117647,207,139,139,2.0441176470588234,173,105,105,1.5441176470588236,180,112,112,1.6470588235294117
101,278,177,177,1.7524752475247525,227,126,126,1.2475247524752475,248,147,147,1.4554455445544554,257,156,156,1.5445544554455446
73,215,142,142,1.9452054794520548,191,118,118,1.6164383561643836,209,136,136,1.8630136986301369,183,110,110,1.5068493150684932
54,204,150,150,2.7777777777777777,184,130,130,2.4074074074074074,161,107,107,1.9814814814814814,158,104,104,1.9259259259259258
80,241,161,161,2.0125,252,172,172,2.15,270,190,190,2.375,225,145,145,1.8125
97,269,172,172,1.7731958762886597,224,127,127,1.309278350515464,235,138,138,1.422680412371134,236,139,139,1.4329896907216495
99,261,162,162,1.6363636363636365,230,131,131,1.3232323232323233,243,144,144,1.4545454545454546,241,142,142,1.4343434343434343
102,332,230,230,2.2549019607843137,253,151,151,1.4803921568627452,273,171,171,1.6764705882352942,267,165,165,1.6176470588235294
74,252,178,178,2.4054054054054053,225,151,151,2.0405405405405403,200,126,126,1.7027027027027026,199,125,125,1.6891891891891893
88,208,120,120,1.3636363636363635,171,83,83,0.9431818181818182,195,107,107,1.2159090909090908,190,102,102,1.1590909090909092
51,147,96,96,1.8823529411764706,137,86,86,1.6862745098039216,137,86,86,1.6862745098039216,147,96,96,1.8823529411764706
49,132,83,83,1.6938775510204083,84,35,35,0.7142857142857143,117,68,68,1.3877551020408163,97,48,48,0.9795918367346939
57,134,77,77,1.3508771929824561,118,61,61,1.0701754385964912,158,101,101,1.7719298245614035,114,57,57,1.0
100,294,194,194,1.94,313,213,213,2.13,312,212,212,2.12,308,208,208,2.08
73,174,101,101,1.3835616438356164,225,152,152,2.0821917808219177,195,122,122,1.6712328767123288,208,135,135,1.8493150684931507
62,173,111,111,1.7903225806451613,151,89,89,1.435483870967742,159,97,97,1.564516129032258,158,96,96,1.5483870967741935
103,265,162,162,1.5728155339805825,246,143,143,1.3883495145631068,280,177,177,1.7184466019417475,278,175,175,1.6990291262135921
84,232,148,148,1.7619047619047619,227,143,143,1.7023809523809523,234,150,150,1.7857142857142858,198,114,114,1.3571428571428572
47,125,78,78,1.6595744680851063,111,64,64,1.3617021276595744,122,75,75,1.5957446808510638,113,66,66,1.4042553191489362
78,189,111,111,1.4230769230769231,213,135,135,1.7307692307692308,229,151,151,1.935897435897436,185,107,107,1.3717948717948718
81,163,82,82,1.0123456790123457,160,79,79,0.9753086419753086,190,109,109,1.345679012345679,168,87,87,1.0740740740740742
65,163,98,98,1.5076923076923077,172,107,107,1.646153846153846,167,102,102,1.5692307692307692,135,70,70,1.0769230769230769
102,280,178,178,1.7450980392156863,290,188,188,1.8431372549019607,250,148,148,1.4509803921568627,232,130,130,1.2745098039215685
68,196,128,128,1.8823529411764706,154,86,86,1.2647058823529411,178,110,110,1.6176470588235294,198,130,130,1.911764705882353
67,177,110,110,1.6417910447761195,195,128,128,1.9104477611940298,176,109,109,1.626865671641791,189,122,122,1.8208955223880596
57,146,89,89,1.5614035087719298,156,99,99,1.736842105263158,167,110,110,1.9298245614035088,164,107,107,1.8771929824561404
50,96,46,46,0.92,101,51,51,1.02,81,31,31,0.62,90,40,40,0.8
89,199,110,110,1.2359550561797752,177,88,88,0.9887640449438202,195,106,106,1.1910112359550562,177,88,88,0.9887640449438202
53,131,78,78,1.471698113207547,127,74,74,1.3962264150943395,129,76,76,1.4339622641509433,126,73,73,1.3773584905660377
81,197,116,116,1.4320987654320987,184,103,103,1.271604938271605,182,101,101,1.2469135802469136,183,102,102,1.2592592592592593
84,221,137,137,1.630952380952381,160,76,76,0.9047619047619048,231,147,147,1.75,178,94,94,1.119047619047619
64,132,68,68,1.0625,133,69,69,1.078125,125,61,61,0.953125,128,64,64,1.0
90,206,116,116,1.288888888888889,251,161,161,1.788888888888889,230,140,140,1.5555555555555556,205,115,115,1.2777777777777777
76,207,131,131,1.7236842105263157,187,111,111,1.4605263157894737,199,123,123,1.618421052631579,185,109,109,1.4342105263157894
60,211,151,151,2.5166666666666666,179,119,119,1.9833333333333334,187,127,127,2.1166666666666667,152,92,92,1.5333333333333334
103,269,166,166,1.6116504854368932,271,168,168,1.6310679611650485,268,165,165,1.6019417475728155,236,133,133,1.2912621359223302
58,137,79,79,1.3620689655172413,126,68,68,1.1724137931034482,153,95,95,1.6379310344827587,118,60,60,1.0344827586206897
70,167,97,97,1.3857142857142857,169,99,99,1.4142857142857144,213,143,143,2.0428571428571427,171,101,101,1.4428571428571428
80,195,115,115,1.4375,201,121,121,1.5125,155,75,75,0.9375,139,59,59,0.7375
70,244,174,174,2.4857142857142858,168,98,98,1.4,234,164,164,2.342857142857143,190,120,120,1.7142857142857142
48,146,98,98,2.0416666666666665,153,105,105,2.1875,148,100,100,2.0833333333333335,147,99,99,2.0625
74,242,168,168,2.27027027027027,179,105,105,1.4189189189189189,208,134,134,1.8108108108108107,197,123,123,1.662162162162162
54,147,93,93,1.7222222222222223,164,110,110,2.037037037037037,117,63,63,1.1666666666666667,133,79,79,1.462962962962963
53,84,31,31,0.5849056603773585,131,78,78,1.471698113207547,107,54,54,1.0188679245283019,101,48,48,0.9056603773584906
53,147,94,94,1.7735849056603774,104,51,51,0.9622641509433962,114,61,61,1.150943396226415,98,45,45,0.8490566037735849
49,145,96,96,1.9591836734693877,141,92,92,1.8775510204081634,131,82,82,1.6734693877551021,122,73,73,1.489795918367347
110,263,153,153,1.3909090909090909,293,183,183,1.6636363636363636,225,115,115,1.0454545454545454,249,139,139,1.2636363636363637
78,277,199,199,2.551282051282051,241,163,163,2.08974358974359,207,129,129,1.6538461538461537,234,156,156,2.0
106,272,166,166,1.5660377358490567,286,180,180,1.6981132075471699,318,212,212,2.0,249,143,143,1.349056603773585
57,182,125,125,2.192982456140351,168,111,111,1.9473684210526316,195,138,138,2.4210526315789473,143,86,86,1.5087719298245614
90,315,225,225,2.5,291,201,201,2.2333333333333334,334,244,244,2.7111111111111112,266,176,176,1.9555555555555555
73,251,178,178,2.4383561643835616,178,105,105,1.4383561643835616,181,108,108,1.4794520547945205,171,98,98,1.3424657534246576
96,280,184,184,1.9166666666666667,263,167,167,1.7395833333333333,281,185,185,1.9270833333333333,257,161,161,1.6770833333333333
74,226,152,152,2.054054054054054,225,151,151,2.0405405405405403,212,138,138,1.864864864864865,223,149,149,2.0135135135135136
47,143,96,96,2.0425531914893615,150,103,103,2.1914893617021276,155,108,108,2.297872340425532,124,77,77,1.6382978723404256
82,234,152,152,1.853658536585366,202,120,120,1.4634146341463414,261,179,179,2.182926829268293,209,127,127,1.548780487804878
89,274,185,185,2.0786516853932584,241,152,152,1.7078651685393258,249,160,160,1.797752808988764,257,168,168,1.8876404494382022
60,154,94,94,1.5666666666666667,139,79,79,1.3166666666666667,174,114,114,1.9,127,67,67,1.1166666666666667
45,111,66,66,1.4666666666666666,119,74,74,1.6444444444444444,148,103,103,2.2888888888888888,129,84,84,1.8666666666666667
72,126,54,54,0.75,125,53,53,0.7361111111111112,93,21,21,0.2916666666666667,114,42,42,0.5833333333333334
68,188,120,120,1.7647058823529411,176,108,108,1.588235294117647,182,114,114,1.6764705882352942,179,111,111,1.6323529411764706
82,154,72,72,0.8780487804878049,179,97,97,1.1829268292682926,174,92,92,1.1219512195121952,172,90,90,1.0975609756097562
53,143,90,90,1.6981132075471699,122,69,69,1.3018867924528301,146,93,93,1.7547169811320755,121,68,68,1.2830188679245282
65,142,77,77,1.1846153846153846,115,50,50,0.7692307692307693,87,22,22,0.3384615384615385,99,34,34,0.5230769230769231
102,281,179,179,1.7549019607843137,203,101,101,0.9901960784313726,245,143,143,1.4019607843137254,236,134,134,1.3137254901960784
44,126,82,82,1.8636363636363635,130,86,86,1.9545454545454546,130,86,86,1.9545454545454546,130,86,86,1.9545454545454546
48,133,85,85,1.7708333333333333,111,63,63,1.3125,88,40,40,0.8333333333333334,94,46,46,0.9583333333333334
63,160,97,97,1.5396825396825398,150,87,87,1.380952380952381,144,81,81,1.2857142857142858,131,68,68,1.0793650793650793
69,146,77,77,1.1159420289855073,154,85,85,1.2318840579710144,174,105,105,1.5217391304347827,149,80,80,1.1594202898550725
103,293,190,190,1.8446601941747574,317,214,214,2.0776699029126213,275,172,172,1.6699029126213591,246,143,143,1.3883495145631068
46,133,87,87,1.891304347826087,141,95,95,2.0652173913043477,126,80,80,1.7391304347826086,107,61,61,1.326086956521739
103,266,163,163,1.5825242718446602,231,128,128,1.2427184466019416,241,138,138,1.3398058252427185,251,148,148,1.4368932038834952
78,218,140,140,1.794871794871795,157,79,79,1.0128205128205128,160,82,82,1.0512820512820513,169,91,91,1.1666666666666667
72,141,69,69,0.9583333333333334,120,48,48,0.6666666666666666,112,40,40,0.5555555555555556,141,69,69,0.9583333333333334
56,153,97,97,1.7321428571428572,130,74,74,1.3214285714285714,134,78,78,1.3928571428571428,123,67,67,1.1964285714285714
56,151,95,95,1.6964285714285714,142,86,86,1.5357142857142858,135,79,79,1.4107142857142858,130,74,74,1.3214285714285714
62,161,99,99,1.596774193548387,146,84,84,1.3548387096774193,174,112,112,1.8064516129032258,161,99,99,1.596774193548387
44,101,57,57,1.2954545454545454,100,56,56,1.2727272727272727,112,68,68,1.5454545454545454,101,57,57,1.2954545454545454
65,154,89,89,1.3692307692307693,187,122,122,1.876923076923077,153,88,88,1.353846153846154,141,76,76,1.1692307692307693
78,243,165,165,2.1153846153846154,206,128,128,1.641025641025641,215,137,137,1.7564102564102564,199,121,121,1.5512820512820513
57,127,70,70,1.2280701754385965,112,55,55,0.9649122807017544,105,48,48,0.8421052631578947,92,35,35,0.6140350877192983
66,154,88,88,1.3333333333333333,128,62,62,0.9393939393939394,121,55,55,0.8333333333333334,100,34,34,0.5151515151515151
83,243,160,160,1.927710843373494,210,127,127,1.5301204819277108,200,117,117,1.4096385542168675,189,106,106,1.2771084337349397
53,113,60,60,1.1320754716981132,93,40,40,0.7547169811320755,110,57,57,1.0754716981132075,107,54,54,1.0188679245283019
75,211,136,136,1.8133333333333332,189,114,114,1.52,201,126,126,1.68,175,100,100,1.3333333333333333
58,145,87,87,1.5,168,110,110,1.896551724137931,152,94,94,1.6206896551724137,136,78,78,1.3448275862068966
57,179,122,122,2.1403508771929824,119,62,62,1.087719298245614,116,59,59,1.0350877192982457,113,56,56,0.9824561403508771
71,193,122,122,1.7183098591549295,174,103,103,1.4507042253521127,178,107,107,1.5070422535211268,154,83,83,1.1690140845070423
57,170,113,113,1.9824561403508771,149,92,92,1.6140350877192982,126,69,69,1.2105263157894737,117,60,60,1.0526315789473684
69,199,130,130,1.8840579710144927,154,85,85,1.2318840579710144,141,72,72,1.0434782608695652,114,45,45,0.6521739130434783
57,157,100,100,1.7543859649122806,131,74,74,1.2982456140350878,159,102,102,1.7894736842105263,119,62,62,1.087719298245614
64,146,82,82,1.28125,155,91,91,1.421875,125,61,61,0.953125,119,55,55,0.859375
58,157,99,99,1.706896551724138,130,72,72,1.2413793103448276,144,86,86,1.4827586206896552,144,86,86,1.4827586206896552
87,225,138,138,1.5862068965517242,175,88,88,1.0114942528735633,201,114,114,1.3103448275862069,215,128,128,1.471264367816092
69,202,133,133,1.9275362318840579,199,130,130,1.8840579710144927,178,109,109,1.5797101449275361,170,101,101,1.463768115942029
75,170,95,95,1.2666666666666666,159,84,84,1.12,157,82,82,1.0933333333333333,163,88,88,1.1733333333333333
66,156,90,90,1.3636363636363635,154,88,88,1.3333333333333333,148,82,82,1.2424242424242424,136,70,70,1.0606060606060606
90,221,131,131,1.4555555555555555,233,143,143,1.5888888888888888,198,108,108,1.2,213,123,123,1.3666666666666667
93,215,122,122,1.3118279569892473,179,86,86,0.9247311827956989,206,113,113,1.2150537634408602,170,77,77,0.8279569892473119
98,295,197,197,2.010204081632653,237,139,139,1.4183673469387754,251,153,153,1.5612244897959184,242,144,144,1.469387755102041
76,208,132,132,1.736842105263158,197,121,121,1.5921052631578947,213,137,137,1.8026315789473684,207,131,131,1.7236842105263157
100,270,170,170,1.7,241,141,141,1.41,236,136,136,1.36,265,165,165,1.65
91,252,161,161,1.7692307692307692,230,139,139,1.5274725274725274,205,114,114,1.2527472527472527,209,118,118,1.2967032967032968
105,213,108,108,1.0285714285714285,255,150,150,1.4285714285714286,251,146,146,1.3904761904761904,231,126,126,1.2
61,221,160,160,2.622950819672131,183,122,122,2.0,146,85,85,1.3934426229508197,132,71,71,1.1639344262295082
75,178,103,103,1.3733333333333333,208,133,133,1.7733333333333334,143,68,68,0.9066666666666666,160,85,85,1.1333333333333333
53,137,84,84,1.5849056603773586,119,66,66,1.2452830188679245,112,59,59,1.1132075471698113,119,66,66,1.2452830188679245
96,351,255,255,2.65625,251,155,155,1.6145833333333333,321,225,225,2.34375,253,157,157,1.6354166666666667
84,280,196,196,2.3333333333333335,218,134,134,1.5952380952380953,230,146,146,1.7380952380952381,241,157,157,1.869047619047619
78,260,182,182,2.3333333333333335,208,130,130,1.6666666666666667,213,135,135,1.7307692307692308,182,104,104,1.3333333333333333
72,161,89,89,1.2361111111111112,179,107,107,1.4861111111111112,180,108,108,1.5,173,101,101,1.4027777777777777
77,191,114,114,1.4805194805194806,197,120,120,1.5584415584415585,166,89,89,1.155844155844156,187,110,110,1.4285714285714286
61,155,94,94,1.540983606557377,150,89,89,1.459016393442623,168,107,107,1.7540983606557377,147,86,86,1.4098360655737705
66,178,112,112,1.696969696969697,173,107,107,1.621212121212121,165,99,99,1.5,160,94,94,1.4242424242424243
60,132,72,72,1.2,228,168,168,2.8,130,70,70,1.1666666666666667,109,49,49,0.8166666666666667
75,273,198,198,2.64,236,161,161,2.1466666666666665,190,115,115,1.5333333333333334,181,106,106,1.4133333333333333
50,163,113,113,2.26,113,63,63,1.26,137,87,87,1.74,120,70,70,1.4
67,256,189,189,2.8208955223880596,200,133,133,1.9850746268656716,209,142,142,2.1194029850746268,171,104,104,1.5522388059701493
93,267,174,174,1.8709677419354838,308,215,215,2.3118279569892475,326,233,233,2.5053763440860215,274,181,181,1.946236559139785
54,166,112,112,2.074074074074074,147,93,93,1.7222222222222223,144,90,90,1.6666666666666667,131,77,77,1.4259259259259258
98,383,285,285,2.9081632653061225,331,233,233,2.377551020408163,354,256,256,2.6122448979591835,264,166,166,1.6938775510204083
104,302,198,198,1.9038461538461537,251,147,147,1.4134615384615385,254,150,150,1.4423076923076923,258,154,154,1.4807692307692308
14,29,15,15,1.0714285714285714,28,14,14,1.0,29,15,15,1.0714285714285714,30,16,16,1.1428571428571428
55,164,109,109,1.981818181818182,126,71,71,1.290909090909091,117,62,62,1.1272727272727272,139,84,84,1.5272727272727273
60,114,54,54,0.9,140,80,80,1.3333333333333333,124,64,64,1.0666666666666667,109,49,49,0.8166666666666667
100,195,95,95,0.95,190,90,90,0.9,180,80,80,0.8,177,77,77,0.77
97,247,150,150,1.5463917525773196,240,143,143,1.4742268041237114,243,146,146,1.5051546391752577,221,124,124,1.2783505154639174
94,146,52,52,0.5531914893617021,181,87,87,0.925531914893617,194,100,100,1.0638297872340425,175,81,81,0.8617021276595744
56,131,75,75,1.3392857142857142,137,81,81,1.4464285714285714,123,67,67,1.1964285714285714,127,71,71,1.2678571428571428
97,203,106,106,1.092783505154639,270,173,173,1.7835051546391754,215,118,118,1.2164948453608246,205,108,108,1.1134020618556701
95,238,143,143,1.5052631578947369,179,84,84,0.8842105263157894,205,110,110,1.1578947368421053,191,96,96,1.0105263157894737
45,132,87,87,1.9333333333333333,117,72,72,1.6,115,70,70,1.5555555555555556,110,65,65,1.4444444444444444
106,255,149,149,1.4056603773584906,296,190,190,1.7924528301886793,288,182,182,1.7169811320754718,251,145,145,1.3679245283018868
83,164,81,81,0.9759036144578314,172,89,89,1.072289156626506,216,133,133,1.6024096385542168,204,121,121,1.4578313253012047
64,146,82,82,1.28125,156,92,92,1.4375,151,87,87,1.359375,132,68,68,1.0625
91,245,154,154,1.6923076923076923,277,186,186,2.043956043956044,190,99,99,1.0879120879120878,152,61,61,0.6703296703296703
67,153,86,86,1.2835820895522387,168,101,101,1.507462686567164,174,107,107,1.5970149253731343,132,65,65,0.9701492537313433
50,96,46,46,0.92,96,46,46,0.92,91,41,41,0.82,76,26,26,0.52
66,166,100,100,1.5151515151515151,128,62,62,0.9393939393939394,92,26,26,0.3939393939393939,120,54,54,0.8181818181818182
74,136,62,62,0.8378378378378378,124,50,50,0.6756756756756757,137,63,63,0.8513513513513513,124,50,50,0.6756756756756757
70,206,136,136,1.9428571428571428,192,122,122,1.7428571428571429,176,106,106,1.5142857142857142,137,67,67,0.9571428571428572
73,167,94,94,1.2876712328767124,134,61,61,0.8356164383561644,134,61,61,0.8356164383561644,128,55,55,0.7534246575342466
62,160,98,98,1.5806451612903225,161,99,99,1.596774193548387,135,73,73,1.1774193548387097,147,85,85,1.3709677419354838
60,171,111,111,1.85,166,106,106,1.7666666666666666,171,111,111,1.85,152,92,92,1.5333333333333334
72,235,163,163,2.263888888888889,170,98,98,1.3611111111111112,226,154,154,2.138888888888889,175,103,103,1.4305555555555556
52,90,38,38,0.7307692307692307,121,69,69,1.3269230769230769,136,84,84,1.6153846153846154,123,71,71,1.3653846153846154
46,124,78,78,1.6956521739130435,111,65,65,1.4130434782608696,118,72,72,1.565217391304348,98,52,52,1.1304347826086956
105,199,94,94,0.8952380952380953,299,194,194,1.8476190476190477,232,127,127,1.2095238095238094,236,131,131,1.2476190476190476
55,135,80,80,1.4545454545454546,151,96,96,1.7454545454545454,147,92,92,1.6727272727272726,147,92,92,1.6727272727272726
52,116,64,64,1.2307692307692308,129,77,77,1.4807692307692308,145,93,93,1.7884615384615385,119,67,67,1.2884615384615385
71,158,87,87,1.2253521126760563,157,86,86,1.2112676056338028,149,78,78,1.0985915492957747,150,79,79,1.1126760563380282
96,256,160,160,1.6666666666666667,279,183,183,1.90625,164,68,68,0.7083333333333334,218,122,122,1.2708333333333333
69,204,135,135,1.9565217391304348,197,128,128,1.855072463768116,177,108,108,1.565217391304348,164,95,95,1.3768115942028984
89,221,132,132,1.4831460674157304,224,135,135,1.5168539325842696,202,113,113,1.2696629213483146,199,110,110,1.2359550561797752
89,198,109,109,1.2247191011235956,190,101,101,1.1348314606741574,199,110,110,1.2359550561797752,184,95,95,1.0674157303370786
66,133,67,67,1.0151515151515151,161,95,95,1.4393939393939394,154,88,88,1.3333333333333333,129,63,63,0.9545454545454546
82,221,139,139,1.6951219512195121,241,159,159,1.9390243902439024,258,176,176,2.1463414634146343,237,155,155,1.8902439024390243
74,185,111,111,1.5,151,77,77,1.0405405405405406,180,106,106,1.4324324324324325,140,66,66,0.8918918918918919
88,266,178,178,2.022727272727273,189,101,101,1.1477272727272727,238,150,150,1.7045454545454546,261,173,173,1.9659090909090908
57,195,138,138,2.4210526315789473,175,118,118,2.0701754385964914,224,167,167,2.9298245614035086,144,87,87,1.5263157894736843
98,303,205,205,2.0918367346938775,220,122,122,1.2448979591836735,294,196,196,2.0,252,154,154,1.5714285714285714
114,312,198,198,1.736842105263158,307,193,193,1.6929824561403508,238,124,124,1.087719298245614,263,149,149,1.3070175438596492
98,311,213,213,2.173469387755102,248,150,150,1.530612244897959,309,211,211,2.1530612244897958,279,181,181,1.846938775510204
44,97,53,53,1.2045454545454546,106,62,62,1.4090909090909092,120,76,76,1.7272727272727273,108,64,64,1.4545454545454546
96,276,180,180,1.875,204,108,108,1.125,210,114,114,1.1875,195,99,99,1.03125
80,215,135,135,1.6875,203,123,123,1.5375,196,116,116,1.45,188,108,108,1.35
107,304,197,197,1.841121495327103,261,154,154,1.439252336448598,299,192,192,1.794392523364486,248,141,141,1.3177570093457944
46,105,59,59,1.2826086956521738,90,44,44,0.9565217391304348,104,58,58,1.2608695652173914,70,24,24,0.5217391304347826
47,145,98,98,2.0851063829787235,116,69,69,1.4680851063829787,123,76,76,1.6170212765957446,102,55,55,1.1702127659574468
76,200,124,124,1.631578947368421,180,104,104,1.368421052631579,192,116,116,1.5263157894736843,170,94,94,1.236842105263158
52,161,109,109,2.0961538461538463,136,84,84,1.6153846153846154,128,76,76,1.4615384615384615,127,75,75,1.4423076923076923
51,129,78,78,1.5294117647058822,123,72,72,1.411764705882353,122,71,71,1.392156862745098,90,39,39,0.7647058823529411
38,131,93,93,2.4473684210526314,159,121,121,3.1842105263157894,111,73,73,1.9210526315789473,90,52,52,1.368421052631579
73,255,182,182,2.493150684931507,234,161,161,2.2054794520547945,188,115,115,1.5753424657534247,192,119,119,1.63013698630137
74,256,182,182,2.4594594594594597,255,181,181,2.445945945945946,230,156,156,2.108108108108108,215,141,141,1.9054054054054055
85,198,113,113,1.3294117647058823,229,144,144,1.6941176470588235,226,141,141,1.6588235294117648,230,145,145,1.7058823529411764
89,202,113,113,1.2696629213483146,208,119,119,1.3370786516853932,171,82,82,0.9213483146067416,166,77,77,0.8651685393258427
82,147,65,65,0.7926829268292683,158,76,76,0.926829268292683,178,96,96,1.170731707317073,162,80,80,0.975609756097561
90,222,132,132,1.4666666666666666,216,126,126,1.4,204,114,114,1.2666666666666666,154,64,64,0.7111111111111111
52,142,90,90,1.7307692307692308,142,90,90,1.7307692307692308,116,64,64,1.2307692307692308,103,51,51,0.9807692307692307
83,225,142,142,1.7108433734939759,211,128,128,1.5421686746987953,158,75,75,0.9036144578313253,185,102,102,1.2289156626506024
103,243,140,140,1.3592233009708738,257,154,154,1.4951456310679612,242,139,139,1.3495145631067962,210,107,107,1.0388349514563107
59,159,100,100,1.694915254237288,138,79,79,1.3389830508474576,143,84,84,1.423728813559322,124,65,65,1.1016949152542372
52,123,71,71,1.3653846153846154,122,70,70,1.3461538461538463,113,61,61,1.1730769230769231,128,76,76,1.4615384615384615
47,186,139,139,2.9574468085106385,138,91,91,1.9361702127659575,150,103,103,2.1914893617021276,137,90,90,1.9148936170212767
69,185,116,116,1.681159420289855,182,113,113,1.6376811594202898,188,119,119,1.7246376811594204,163,94,94,1.3623188405797102
49,171,122,122,2.489795918367347,153,104,104,2.122448979591837,125,76,76,1.5510204081632653,138,89,89,1.816326530612245
77,153,76,76,0.987012987012987,140,63,63,0.8181818181818182,151,74,74,0.961038961038961,142,65,65,0.8441558441558441
94,196,102,102,1.0851063829787233,226,132,132,1.4042553191489362,163,69,69,0.7340425531914894,168,74,74,0.7872340425531915
100,242,142,142,1.42,206,106,106,1.06,188,88,88,0.88,172,72,72,0.72
78,155,77,77,0.9871794871794872,163,85,85,1.0897435897435896,141,63,63,0.8076923076923077,156,78,78,1.0
45,104,59,59,1.3111111111111111,97,52,52,1.1555555555555554,95,50,50,1.1111111111111112,77,32,32,0.7111111111111111
105,239,134,134,1.276190476190476,259,154,154,1.4666666666666666,206,101,101,0.9619047619047619,238,133,133,1.2666666666666666
73,180,107,107,1.4657534246575343,183,110,110,1.5068493150684932,174,101,101,1.3835616438356164,171,98,98,1.3424657534246576
43,109,66,66,1.5348837209302326,94,51,51,1.186046511627907,100,57,57,1.3255813953488371,94,51,51,1.186046511627907
96,215,119,119,1.2395833333333333,214,118,118,1.2291666666666667,167,71,71,0.7395833333333334,164,68,68,0.7083333333333334
58,126,68,68,1.1724137931034482,120,62,62,1.0689655172413792,109,51,51,0.8793103448275862,120,62,62,1.0689655172413792
80,162,82,82,1.025,143,63,63,0.7875,147,67,67,0.8375,134,54,54,0.675
86,171,85,85,0.9883720930232558,170,84,84,0.9767441860465116,183,97,97,1.127906976744186,139,53,53,0.6162790697674418
75,121,46,46,0.6133333333333333,135,60,60,0.8,114,39,39,0.52,141,66,66,0.88
79,151,72,72,0.9113924050632911,126,47,47,0.5949367088607594,155,76,76,0.9620253164556962,137,58,58,0.7341772151898734
49,96,47,47,0.9591836734693877,123,74,74,1.510204081632653,127,78,78,1.5918367346938775,89,40,40,0.8163265306122449
102,197,95,95,0.9313725490196079,190,88,88,0.8627450980392157,169,67,67,0.6568627450980392,185,83,83,0.8137254901960784
102,249,147,147,1.4411764705882353,221,119,119,1.1666666666666667,226,124,124,1.2156862745098038,207,105,105,1.0294117647058822
62,149,87,87,1.403225806451613,154,92,92,1.4838709677419355,162,100,100,1.6129032258064515,165,103,103,1.6612903225806452
61,155,94,94,1.540983606557377,145,84,84,1.3770491803278688,153,92,92,1.5081967213114753,158,97,97,1.5901639344262295
80,192,112,112,1.4,187,107,107,1.3375,185,105,105,1.3125,184,104,104,1.3
57,76,19,19,0.3333333333333333,85,28,28,0.49122807017543857,101,44,44,0.7719298245614035,78,21,21,0.3684210526315789
92,208,116,116,1.2608695652173914,154,62,62,0.6739130434782609,202,110,110,1.1956521739130435,187,95,95,1.0326086956521738
58,106,48,48,0.8275862068965517,106,48,48,0.8275862068965517,106,48,48,0.8275862068965517,113,55,55,0.9482758620689655
79,237,158,158,2.0,245,166,166,2.1012658227848102,222,143,143,1.8101265822784811,212,133,133,1.6835443037974684
49,105,56,56,1.1428571428571428,110,61,61,1.2448979591836735,125,76,76,1.5510204081632653,136,87,87,1.7755102040816326
57,218,161,161,2.824561403508772,237,180,180,3.1578947368421053,185,128,128,2.245614035087719,110,53,53,0.9298245614035088
103,254,151,151,1.4660194174757282,226,123,123,1.1941747572815533,250,147,147,1.4271844660194175,238,135,135,1.3106796116504855
100,376,276,276,2.76,349,249,249,2.49,334,234,234,2.34,271,171,171,1.71
46,145,99,99,2.152173913043478,111,65,65,1.4130434782608696,140,94,94,2.0434782608695654,107,61,61,1.326086956521739
58,120,62,62,1.0689655172413792,121,63,63,1.0862068965517242,123,65,65,1.1206896551724137,127,69,69,1.1896551724137931
52,139,87,87,1.6730769230769231,124,72,72,1.3846153846153846,144,92,92,1.7692307692307692,158,106,106,2.0384615384615383
58,192,134,134,2.310344827586207,157,99,99,1.706896551724138,159,101,101,1.7413793103448276,155,97,97,1.6724137931034482
48,112,64,64,1.3333333333333333,104,56,56,1.1666666666666667,114,66,66,1.375,112,64,64,1.3333333333333333
40,120,80,80,2.0,89,49,49,1.225,115,75,75,1.875,102,62,62,1.55
83,210,127,127,1.5301204819277108,252,169,169,2.036144578313253,182,99,99,1.1927710843373494,169,86,86,1.036144578313253
60,151,91,91,1.5166666666666666,125,65,65,1.0833333333333333,137,77,77,1.2833333333333334,124,64,64,1.0666666666666667
87,257,170,170,1.9540229885057472,233,146,146,1.6781609195402298,242,155,155,1.7816091954022988,214,127,127,1.4597701149425288
88,261,173,173,1.9659090909090908,263,175,175,1.9886363636363635,215,127,127,1.4431818181818181,228,140,140,1.5909090909090908
74,131,57,57,0.7702702702702703,145,71,71,0.9594594594594594,131,57,57,0.7702702702702703,159,85,85,1.1486486486486487
50,132,82,82,1.64,115,65,65,1.3,123,73,73,1.46,118,68,68,1.36
73,200,127,127,1.7397260273972603,161,88,88,1.2054794520547945,160,87,87,1.1917808219178083,169,96,96,1.3150684931506849
62,157,95,95,1.532258064516129,143,81,81,1.3064516129032258,142,80,80,1.2903225806451613,148,86,86,1.3870967741935485
51,122,71,71,1.392156862745098,85,34,34,0.6666666666666666,110,59,59,1.1568627450980393,116,65,65,1.2745098039215685
78,169,91,91,1.1666666666666667,155,77,77,0.9871794871794872,160,82,82,1.0512820512820513,153,75,75,0.9615384615384616
63,124,61,61,0.9682539682539683,151,88,88,1.3968253968253967,133,70,70,1.1111111111111112,131,68,68,1.0793650793650793
93,214,121,121,1.3010752688172043,196,103,103,1.10752688172043,188,95,95,1.021505376344086,215,122,122,1.3118279569892473
92,176,84,84,0.9130434782608695,169,77,77,0.8369565217391305,171,79,79,0.8586956521739131,205,113,113,1.2282608695652173
73,218,145,145,1.9863013698630136,228,155,155,2.1232876712328768,168,95,95,1.3013698630136987,172,99,99,1.356164383561644
52,131,79,79,1.5192307692307692,141,89,89,1.7115384615384615,129,77,77,1.4807692307692308,138,86,86,1.6538461538461537
49,131,82,82,1.6734693877551021,119,70,70,1.4285714285714286,131,82,82,1.6734693877551021,139,90,90,1.836734693877551
67,157,90,90,1.3432835820895523,136,69,69,1.0298507462686568,155,88,88,1.3134328358208955,133,66,66,0.9850746268656716
39,86,47,47,1.205128205128205,130,91,91,2.3333333333333335,118,79,79,2.0256410256410255,113,74,74,1.8974358974358974
132,455,323,323,2.446969696969697,344,212,212,1.606060606060606,439,307,307,2.3257575757575757,404,272,272,2.0606060606060606
81,211,130,130,1.6049382716049383,182,101,101,1.2469135802469136,150,69,69,0.8518518518518519,142,61,61,0.7530864197530864
50,96,46,46,0.92,104,54,54,1.08,90,40,40,0.8,84,34,34,0.68
86,260,174,174,2.0232558139534884,203,117,117,1.3604651162790697,197,111,111,1.2906976744186047,261,175,175,2.0348837209302326
62,139,77,77,1.2419354838709677,118,56,56,0.9032258064516129,176,114,114,1.8387096774193548,148,86,86,1.3870967741935485
64,191,127,127,1.984375,146,82,82,1.28125,174,110,110,1.71875,171,107,107,1.671875
100,302,202,202,2.02,252,152,152,1.52,208,108,108,1.08,248,148,148,1.48
56,164,108,108,1.9285714285714286,158,102,102,1.8214285714285714,160,104,104,1.8571428571428572,129,73,73,1.3035714285714286
55,155,100,100,1.8181818181818181,131,76,76,1.3818181818181818,151,96,96,1.7454545454545454,133,78,78,1.4181818181818182
89,260,171,171,1.9213483146067416,242,153,153,1.7191011235955056,279,190,190,2.134831460674157,180,91,91,1.0224719101123596
56,144,88,88,1.5714285714285714,134,78,78,1.3928571428571428,137,81,81,1.4464285714285714,138,82,82,1.4642857142857142
113,287,174,174,1.5398230088495575,263,150,150,1.3274336283185841,299,186,186,1.6460176991150441,253,140,140,1.238938053097345
48,154,106,106,2.2083333333333335,116,68,68,1.4166666666666667,119,71,71,1.4791666666666667,112,64,64,1.3333333333333333
82,224,142,142,1.7317073170731707,247,165,165,2.0121951219512195,267,185,185,2.2560975609756095,220,138,138,1.6829268292682926
87,211,124,124,1.4252873563218391,270,183,183,2.103448275862069,222,135,135,1.5517241379310345,224,137,137,1.5747126436781609
83,200,117,117,1.4096385542168675,200,117,117,1.4096385542168675,169,86,86,1.036144578313253,198,115,115,1.3855421686746987
58,180,122,122,2.103448275862069,183,125,125,2.1551724137931036,205,147,147,2.5344827586206895,178,120,120,2.0689655172413794
47,123,76,76,1.6170212765957446,117,70,70,1.4893617021276595,112,65,65,1.3829787234042554,117,70,70,1.4893617021276595
69,175,106,106,1.536231884057971,141,72,72,1.0434782608695652,153,84,84,1.2173913043478262,144,75,75,1.0869565217391304
52,103,51,51,0.9807692307692307,125,73,73,1.4038461538461537,110,58,58,1.1153846153846154,105,53,53,1.0192307692307692
83,248,165,165,1.9879518072289157,172,89,89,1.072289156626506,189,106,106,1.2771084337349397,195,112,112,1.3493975903614457
68,210,142,142,2.088235294117647,122,54,54,0.7941176470588235,128,60,60,0.8823529411764706,106,38,38,0.5588235294117647
81,267,186,186,2.2962962962962963,272,191,191,2.3580246913580245,213,132,132,1.6296296296296295,212,131,131,1.617283950617284
99,257,158,158,1.595959595959596,290,191,191,1.9292929292929293,290,191,191,1.9292929292929293,249,150,150,1.5151515151515151
83,220,137,137,1.6506024096385543,128,45,45,0.5421686746987951,208,125,125,1.5060240963855422,144,61,61,0.7349397590361446
77,217,140,140,1.8181818181818181,182,105,105,1.3636363636363635,224,147,147,1.9090909090909092,189,112,112,1.4545454545454546
113,342,229,229,2.0265486725663715,235,122,122,1.079646017699115,291,178,178,1.575221238938053,287,174,174,1.5398230088495575
58,221,163,163,2.810344827586207,207,149,149,2.5689655172413794,193,135,135,2.3275862068965516,117,59,59,1.0172413793103448
54,132,78,78,1.4444444444444444,133,79,79,1.462962962962963,147,93,93,1.7222222222222223,139,85,85,1.5740740740740742
94,271,177,177,1.8829787234042554,261,167,167,1.7765957446808511,293,199,199,2.117021276595745,239,145,145,1.5425531914893618
66,176,110,110,1.6666666666666667,194,128,128,1.9393939393939394,240,174,174,2.6363636363636362,184,118,118,1.7878787878787878
55,163,108,108,1.9636363636363636,136,81,81,1.4727272727272727,157,102,102,1.8545454545454545,135,80,80,1.4545454545454546
61,193,132,132,2.1639344262295084,163,102,102,1.6721311475409837,154,93,93,1.5245901639344261,158,97,97,1.5901639344262295
53,136,83,83,1.5660377358490567,142,89,89,1.679245283018868,164,111,111,2.0943396226415096,130,77,77,1.4528301886792452
52,120,68,68,1.3076923076923077,127,75,75,1.4423076923076923,157,105,105,2.019230769230769,115,63,63,1.2115384615384615
88,206,118,118,1.3409090909090908,253,165,165,1.875,223,135,135,1.5340909090909092,219,131,131,1.4886363636363635
73,224,151,151,2.0684931506849313,217,144,144,1.9726027397260273,194,121,121,1.6575342465753424,197,124,124,1.6986301369863013
76,223,147,147,1.9342105263157894,193,117,117,1.5394736842105263,195,119,119,1.5657894736842106,162,86,86,1.131578947368421
62,143,81,81,1.3064516129032258,96,34,34,0.5483870967741935,116,54,54,0.8709677419354839,122,60,60,0.967741935483871
58,157,99,99,1.706896551724138,134,76,76,1.3103448275862069,156,98,98,1.6896551724137931,140,82,82,1.4137931034482758
44,112,68,68,1.5454545454545454,97,53,53,1.2045454545454546,97,53,53,1.2045454545454546,74,30,30,0.6818181818181818
82,231,149,149,1.8170731707317074,206,124,124,1.5121951219512195,188,106,106,1.2926829268292683,168,86,86,1.048780487804878
80,268,188,188,2.35,230,150,150,1.875,251,171,171,2.1375,245,165,165,2.0625
46,70,24,24,0.5217391304347826,59,13,13,0.2826086956521739,74,28,28,0.6086956521739131,101,55,55,1.1956521739130435
45,104,59,59,1.3111111111111111,96,51,51,1.1333333333333333,111,66,66,1.4666666666666666,101,56,56,1.2444444444444445
70,141,71,71,1.0142857142857142,159,89,89,1.2714285714285714,144,74,74,1.0571428571428572,126,56,56,0.8
50,134,84,84,1.68,99,49,49,0.98,107,57,57,1.14,97,47,47,0.94
73,172,99,99,1.356164383561644,152,79,79,1.082191780821918,158,85,85,1.1643835616438356,168,95,95,1.3013698630136987
68,166,98,98,1.4411764705882353,152,84,84,1.2352941176470589,148,80,80,1.1764705882352942,154,86,86,1.2647058823529411
74,158,84,84,1.135135135135135,166,92,92,1.2432432432432432,151,77,77,1.0405405405405406,151,77,77,1.0405405405405406
55,146,91,91,1.6545454545454545,120,65,65,1.1818181818181819,124,69,69,1.2545454545454546,122,67,67,1.2181818181818183
49,101,52,52,1.0612244897959184,98,49,49,1.0,106,57,57,1.163265306122449,100,51,51,1.0408163265306123
95,219,124,124,1.305263157894737,192,97,97,1.0210526315789474,188,93,93,0.9789473684210527,187,92,92,0.968421052631579
47,100,53,53,1.127659574468085,95,48,48,1.0212765957446808,85,38,38,0.8085106382978723,84,37,37,0.7872340425531915
52,95,43,43,0.8269230769230769,92,40,40,0.7692307692307693,89,37,37,0.7115384615384616,83,31,31,0.5961538461538461
96,135,39,39,0.40625,186,90,90,0.9375,171,75,75,0.78125,181,85,85,0.8854166666666666
73,144,71,71,0.9726027397260274,144,71,71,0.9726027397260274,135,62,62,0.8493150684931506,129,56,56,0.7671232876712328
48,100,52,52,1.0833333333333333,121,73,73,1.5208333333333333,121,73,73,1.5208333333333333,108,60,60,1.25
56,122,66,66,1.1785714285714286,123,67,67,1.1964285714285714,119,63,63,1.125,128,72,72,1.2857142857142858
45,122,77,77,1.711111111111111,101,56,56,1.2444444444444445,92,47,47,1.0444444444444445,83,38,38,0.8444444444444444
46,112,66,66,1.434782608695652,114,68,68,1.4782608695652173,115,69,69,1.5,109,63,63,1.3695652173913044
47,116,69,69,1.4680851063829787,112,65,65,1.3829787234042554,107,60,60,1.2765957446808511,85,38,38,0.8085106382978723
66,127,61,61,0.9242424242424242,141,75,75,1.1363636363636365,161,95,95,1.4393939393939394,133,67,67,1.0151515151515151
85,186,101,101,1.188235294117647,166,81,81,0.9529411764705882,126,41,41,0.4823529411764706,179,94,94,1.1058823529411765
54,107,53,53,0.9814814814814815,109,55,55,1.0185185185185186,87,33,33,0.6111111111111112,100,46,46,0.8518518518518519
51,111,60,60,1.1764705882352942,105,54,54,1.0588235294117647,101,50,50,0.9803921568627451,107,56,56,1.0980392156862746
76,153,77,77,1.013157894736842,180,104,104,1.368421052631579,142,66,66,0.868421052631579,142,66,66,0.868421052631579
85,149,64,64,0.7529411764705882,167,82,82,0.9647058823529412,149,64,64,0.7529411764705882,166,81,81,0.9529411764705882
91,164,73,73,0.8021978021978022,174,83,83,0.9120879120879121,168,77,77,0.8461538461538461,144,53,53,0.5824175824175825
56,129,73,73,1.3035714285714286,150,94,94,1.6785714285714286,126,70,70,1.25,127,71,71,1.2678571428571428
80,192,112,112,1.4,132,52,52,0.65,131,51,51,0.6375,139,59,59,0.7375
48,127,79,79,1.6458333333333333,142,94,94,1.9583333333333333,133,85,85,1.7708333333333333,117,69,69,1.4375
49,149,100,100,2.0408163265306123,160,111,111,2.2653061224489797,150,101,101,2.061224489795918,150,101,101,2.061224489795918
68,157,89,89,1.3088235294117647,167,99,99,1.4558823529411764,163,95,95,1.3970588235294117,159,91,91,1.338235294117647
55,143,88,88,1.6,132,77,77,1.4,139,84,84,1.5272727272727273,113,58,58,1.0545454545454545
90,199,109,109,1.211111111111111,195,105,105,1.1666666666666667,197,107,107,1.1888888888888889,209,119,119,1.3222222222222222
71,195,124,124,1.7464788732394365,174,103,103,1.4507042253521127,154,83,83,1.1690140845070423,138,67,67,0.9436619718309859
63,119,56,56,0.8888888888888888,160,97,97,1.5396825396825398,131,68,68,1.0793650793650793,144,81,81,1.2857142857142858
81,169,88,88,1.0864197530864197,167,86,86,1.0617283950617284,153,72,72,0.8888888888888888,161,80,80,0.9876543209876543
86,211,125,125,1.4534883720930232,186,100,100,1.1627906976744187,150,64,64,0.7441860465116279,169,83,83,0.9651162790697675
63,146,83,83,1.3174603174603174,139,76,76,1.2063492063492063,138,75,75,1.1904761904761905,128,65,65,1.0317460317460319
84,184,100,100,1.1904761904761905,212,128,128,1.5238095238095237,189,105,105,1.25,202,118,118,1.4047619047619047
76,223,147,147,1.9342105263157894,172,96,96,1.263157894736842,219,143,143,1.881578947368421,194,118,118,1.5526315789473684
77,171,94,94,1.2207792207792207,185,108,108,1.4025974025974026,223,146,146,1.896103896103896,212,135,135,1.7532467532467533
81,277,196,196,2.419753086419753,208,127,127,1.5679012345679013,221,140,140,1.728395061728395,198,117,117,1.4444444444444444
89,228,139,139,1.5617977528089888,245,156,156,1.752808988764045,176,87,87,0.9775280898876404,205,116,116,1.303370786516854
55,230,175,175,3.1818181818181817,137,82,82,1.490909090909091,183,128,128,2.327272727272727,117,62,62,1.1272727272727272
82,218,136,136,1.6585365853658536,170,88,88,1.0731707317073171,186,104,104,1.2682926829268293,126,44,44,0.5365853658536586
75,188,113,113,1.5066666666666666,176,101,101,1.3466666666666667,138,63,63,0.84,165,90,90,1.2
43,105,62,62,1.441860465116279,88,45,45,1.0465116279069768,98,55,55,1.2790697674418605,100,57,57,1.3255813953488371
76,178,102,102,1.3421052631578947,196,120,120,1.5789473684210527,187,111,111,1.4605263157894737,147,71,71,0.9342105263157895
65,166,101,101,1.5538461538461539,182,117,117,1.8,141,76,76,1.1692307692307693,155,90,90,1.3846153846153846
62,140,78,78,1.2580645161290323,101,39,39,0.6290322580645161,100,38,38,0.6129032258064516,116,54,54,0.8709677419354839
46,112,66,66,1.434782608695652,117,71,71,1.5434782608695652,124,78,78,1.6956521739130435,88,42,42,0.9130434782608695
66,137,71,71,1.0757575757575757,150,84,84,1.2727272727272727,114,48,48,0.7272727272727273,130,64,64,0.9696969696969697
75,210,135,135,1.8,187,112,112,1.4933333333333334,176,101,101,1.3466666666666667,187,112,112,1.4933333333333334
95,278,183,183,1.9263157894736842,258,163,163,1.7157894736842105,243,148,148,1.5578947368421052,250,155,155,1.631578947368421
103,246,143,143,1.3883495145631068,284,181,181,1.7572815533980584,266,163,163,1.5825242718446602,225,122,122,1.1844660194174756
73,226,153,153,2.095890410958904,184,111,111,1.5205479452054795,172,99,99,1.356164383561644,170,97,97,1.3287671232876712
57,126,69,69,1.2105263157894737,122,65,65,1.1403508771929824,166,109,109,1.912280701754386,148,91,91,1.5964912280701755
44,172,128,128,2.909090909090909,122,78,78,1.7727272727272727,170,126,126,2.8636363636363638,135,91,91,2.0681818181818183
97,191,94,94,0.9690721649484536,215,118,118,1.2164948453608246,220,123,123,1.268041237113402,208,111,111,1.1443298969072164
102,295,193,193,1.892156862745098,238,136,136,1.3333333333333333,281,179,179,1.7549019607843137,220,118,118,1.1568627450980393
76,212,136,136,1.7894736842105263,140,64,64,0.8421052631578947,158,82,82,1.0789473684210527,147,71,71,0.9342105263157895
58,169,111,111,1.9137931034482758,128,70,70,1.206896551724138,153,95,95,1.6379310344827587,107,49,49,0.8448275862068966
68,177,109,109,1.6029411764705883,151,83,83,1.2205882352941178,154,86,86,1.2647058823529411,141,73,73,1.0735294117647058
65,154,89,89,1.3692307692307693,127,62,62,0.9538461538461539,94,29,29,0.4461538461538462,101,36,36,0.5538461538461539
46,118,72,72,1.565217391304348,96,50,50,1.0869565217391304,106,60,60,1.3043478260869565,87,41,41,0.8913043478260869
66,162,96,96,1.4545454545454546,113,47,47,0.7121212121212122,190,124,124,1.878787878787879,159,93,93,1.4090909090909092
93,196,103,103,1.10752688172043,148,55,55,0.5913978494623656,167,74,74,0.7956989247311828,166,73,73,0.7849462365591398
102,209,107,107,1.0490196078431373,196,94,94,0.9215686274509803,198,96,96,0.9411764705882353,193,91,91,0.8921568627450981
52,105,53,53,1.0192307692307692,122,70,70,1.3461538461538463,118,66,66,1.2692307692307692,118,66,66,1.2692307692307692
92,251,159,159,1.7282608695652173,202,110,110,1.1956521739130435,234,142,142,1.5434782608695652,215,123,123,1.3369565217391304
49,141,92,92,1.8775510204081634,122,73,73,1.489795918367347,119,70,70,1.4285714285714286,117,68,68,1.3877551020408163
58,169,111,111,1.9137931034482758,181,123,123,2.1206896551724137,106,48,48,0.8275862068965517,113,55,55,0.9482758620689655
46,130,84,84,1.826086956521739,133,87,87,1.891304347826087,139,93,93,2.0217391304347827,123,77,77,1.673913043478261
57,146,89,89,1.5614035087719298,123,66,66,1.1578947368421053,140,83,83,1.456140350877193,134,77,77,1.3508771929824561
65,220,155,155,2.3846153846153846,170,105,105,1.6153846153846154,211,146,146,2.246153846153846,181,116,116,1.7846153846153847
69,225,156,156,2.260869565217391,173,104,104,1.5072463768115942,200,131,131,1.8985507246376812,145,76,76,1.1014492753623188
77,196,119,119,1.5454545454545454,190,113,113,1.4675324675324675,189,112,112,1.4545454545454546,198,121,121,1.5714285714285714
70,210,140,140,2.0,169,99,99,1.4142857142857144,212,142,142,2.0285714285714285,194,124,124,1.7714285714285714
55,129,74,74,1.3454545454545455,122,67,67,1.2181818181818183,116,61,61,1.1090909090909091,127,72,72,1.309090909090909
52,179,127,127,2.4423076923076925,161,109,109,2.0961538461538463,177,125,125,2.4038461538461537,159,107,107,2.0576923076923075
51,113,62,62,1.2156862745098038,111,60,60,1.1764705882352942,113,62,62,1.2156862745098038,104,53,53,1.0392156862745099
56,156,100,100,1.7857142857142858,144,88,88,1.5714285714285714,141,85,85,1.5178571428571428,136,80,80,1.4285714285714286
96,201,105,105,1.09375,193,97,97,1.0104166666666667,181,85,85,0.8854166666666666,195,99,99,1.03125
108,220,112,112,1.037037037037037,202,94,94,0.8703703703703703,194,86,86,0.7962962962962963,189,81,81,0.75
58,147,89,89,1.5344827586206897,116,58,58,1.0,128,70,70,1.206896551724138,127,69,69,1.1896551724137931
47,133,86,86,1.8297872340425532,124,77,77,1.6382978723404256,108,61,61,1.297872340425532,122,75,75,1.5957446808510638
59,159,100,100,1.694915254237288,152,93,93,1.576271186440678,151,92,92,1.5593220338983051,138,79,79,1.3389830508474576
48,159,111,111,2.3125,123,75,75,1.5625,149,101,101,2.1041666666666665,152,104,104,2.1666666666666665
48,145,97,97,2.0208333333333335,142,94,94,1.9583333333333333,137,89,89,1.8541666666666667,138,90,90,1.875
79,188,109,109,1.379746835443038,180,101,101,1.2784810126582278,193,114,114,1.4430379746835442,153,74,74,0.9367088607594937
110,272,162,162,1.4727272727272727,258,148,148,1.3454545454545455,237,127,127,1.1545454545454545,232,122,122,1.1090909090909091
47,93,46,46,0.9787234042553191,143,96,96,2.0425531914893615,124,77,77,1.6382978723404256,114,67,67,1.425531914893617
50,115,65,65,1.3,157,107,107,2.14,166,116,116,2.32,127,77,77,1.54
74,201,127,127,1.7162162162162162,193,119,119,1.6081081081081081,194,120,120,1.6216216216216217,202,128,128,1.7297297297297298
94,181,87,87,0.925531914893617,180,86,86,0.9148936170212766,218,124,124,1.3191489361702127,167,73,73,0.776595744680851
107,191,84,84,0.7850467289719626,278,171,171,1.5981308411214954,282,175,175,1.6355140186915889,252,145,145,1.355140186915888
63,149,86,86,1.3650793650793651,150,87,87,1.380952380952381,142,79,79,1.253968253968254,134,71,71,1.126984126984127
60,176,116,116,1.9333333333333333,165,105,105,1.75,127,67,67,1.1166666666666667,126,66,66,1.1
29,75,46,46,1.5862068965517242,67,38,38,1.3103448275862069,82,53,53,1.8275862068965518,70,41,41,1.4137931034482758
61,147,86,86,1.4098360655737705,147,86,86,1.4098360655737705,161,100,100,1.639344262295082,152,91,91,1.4918032786885247
77,186,109,109,1.4155844155844155,224,147,147,1.9090909090909092,218,141,141,1.8311688311688312,204,127,127,1.6493506493506493
69,187,118,118,1.710144927536232,147,78,78,1.1304347826086956,188,119,119,1.7246376811594204,156,87,87,1.2608695652173914
28,86,58,58,2.0714285714285716,56,28,28,1.0,58,30,30,1.0714285714285714,66,38,38,1.3571428571428572
57,142,85,85,1.4912280701754386,142,85,85,1.4912280701754386,148,91,91,1.5964912280701755,142,85,85,1.4912280701754386
47,118,71,71,1.5106382978723405,145,98,98,2.0851063829787235,129,82,82,1.7446808510638299,117,70,70,1.4893617021276595
55,102,47,47,0.8545454545454545,93,38,38,0.6909090909090909,108,53,53,0.9636363636363636,88,33,33,0.6
66,176,110,110,1.6666666666666667,192,126,126,1.9090909090909092,175,109,109,1.6515151515151516,161,95,95,1.4393939393939394
54,112,58,58,1.0740740740740742,103,49,49,0.9074074074074074,100,46,46,0.8518518518518519,97,43,43,0.7962962962962963
71,185,114,114,1.6056338028169015,145,74,74,1.0422535211267605,158,87,87,1.2253521126760563,166,95,95,1.3380281690140845
67,131,64,64,0.9552238805970149,108,41,41,0.6119402985074627,130,63,63,0.9402985074626866,106,39,39,0.582089552238806
73,163,90,90,1.2328767123287672,170,97,97,1.3287671232876712,175,102,102,1.3972602739726028,146,73,73,1.0
48,138,90,90,1.875,90,42,42,0.875,126,78,78,1.625,121,73,73,1.5208333333333333
45,100,55,55,1.2222222222222223,106,61,61,1.3555555555555556,85,40,40,0.8888888888888888,94,49,49,1.0888888888888888
90,221,131,131,1.4555555555555555,219,129,129,1.4333333333333333,191,101,101,1.1222222222222222,152,62,62,0.6888888888888889
110,195,85,85,0.7727272727272727,199,89,89,0.8090909090909091,188,78,78,0.7090909090909091,181,71,71,0.6454545454545455
48,86,38,38,0.7916666666666666,87,39,39,0.8125,92,44,44,0.9166666666666666,91,43,43,0.8958333333333334
76,178,102,102,1.3421052631578947,174,98,98,1.2894736842105263,154,78,78,1.0263157894736843,159,83,83,1.0921052631578947
55,200,145,145,2.6363636363636362,146,91,91,1.6545454545454545,140,85,85,1.5454545454545454,160,105,105,1.9090909090909092
57,165,108,108,1.894736842105263,150,93,93,1.631578947368421,176,119,119,2.087719298245614,182,125,125,2.192982456140351
58,189,131,131,2.2586206896551726,170,112,112,1.9310344827586208,171,113,113,1.9482758620689655,147,89,89,1.5344827586206897
86,297,211,211,2.453488372093023,248,162,162,1.8837209302325582,225,139,139,1.6162790697674418,231,145,145,1.686046511627907
55,153,98,98,1.7818181818181817,166,111,111,2.018181818181818,178,123,123,2.2363636363636363,159,104,104,1.8909090909090909
90,238,148,148,1.6444444444444444,220,130,130,1.4444444444444444,194,104,104,1.1555555555555554,226,136,136,1.511111111111111
80,185,105,105,1.3125,231,151,151,1.8875,222,142,142,1.775,216,136,136,1.7
63,147,84,84,1.3333333333333333,85,22,22,0.3492063492063492,145,82,82,1.3015873015873016,112,49,49,0.7777777777777778
45,75,30,30,0.6666666666666666,69,24,24,0.5333333333333333,61,16,16,0.35555555555555557,53,8,8,0.17777777777777778
88,204,116,116,1.3181818181818181,198,110,110,1.25,231,143,143,1.625,192,104,104,1.1818181818181819
53,147,94,94,1.7735849056603774,131,78,78,1.471698113207547,133,80,80,1.509433962264151,141,88,88,1.6603773584905661
103,336,233,233,2.262135922330097,284,181,181,1.7572815533980584,290,187,187,1.8155339805825244,278,175,175,1.6990291262135921
49,138,89,89,1.816326530612245,110,61,61,1.2448979591836735,126,77,77,1.5714285714285714,114,65,65,1.3265306122448979
51,132,81,81,1.588235294117647,115,64,64,1.2549019607843137,151,100,100,1.9607843137254901,122,71,71,1.392156862745098
59,162,103,103,1.7457627118644068,183,124,124,2.1016949152542375,166,107,107,1.8135593220338984,157,98,98,1.6610169491525424
47,109,62,62,1.3191489361702127,111,64,64,1.3617021276595744,93,46,46,0.9787234042553191,109,62,62,1.3191489361702127
49,84,35,35,0.7142857142857143,123,74,74,1.510204081632653,99,50,50,1.0204081632653061,99,50,50,1.0204081632653061
86,231,145,145,1.686046511627907,206,120,120,1.3953488372093024,204,118,118,1.372093023255814,193,107,107,1.244186046511628
69,170,101,101,1.463768115942029,147,78,78,1.1304347826086956,162,93,93,1.3478260869565217,165,96,96,1.391304347826087
69,161,92,92,1.3333333333333333,133,64,64,0.927536231884058,163,94,94,1.3623188405797102,153,84,84,1.2173913043478262
45,137,92,92,2.0444444444444443,137,92,92,2.0444444444444443,129,84,84,1.8666666666666667,114,69,69,1.5333333333333334
63,117,54,54,0.8571428571428571,120,57,57,0.9047619047619048,139,76,76,1.2063492063492063,119,56,56,0.8888888888888888
48,116,68,68,1.4166666666666667,99,51,51,1.0625,100,52,52,1.0833333333333333,92,44,44,0.9166666666666666
74,163,89,89,1.2027027027027026,148,74,74,1.0,162,88,88,1.1891891891891893,144,70,70,0.9459459459459459
56,132,76,76,1.3571428571428572,126,70,70,1.25,139,83,83,1.4821428571428572,125,69,69,1.2321428571428572
52,100,48,48,0.9230769230769231,90,38,38,0.7307692307692307,100,48,48,0.9230769230769231,99,47,47,0.9038461538461539
49,122,73,73,1.489795918367347,116,67,67,1.3673469387755102,90,41,41,0.8367346938775511,96,47,47,0.9591836734693877
53,149,96,96,1.8113207547169812,116,63,63,1.1886792452830188,137,84,84,1.5849056603773586,131,78,78,1.471698113207547
50,110,60,60,1.2,95,45,45,0.9,100,50,50,1.0,88,38,38,0.76
51,127,76,76,1.4901960784313726,145,94,94,1.8431372549019607,117,66,66,1.2941176470588236,107,56,56,1.0980392156862746
77,210,133,133,1.7272727272727273,193,116,116,1.5064935064935066,183,106,106,1.3766233766233766,155,78,78,1.0129870129870129
50,150,100,100,2.0,117,67,67,1.34,124,74,74,1.48,120,70,70,1.4
50,143,93,93,1.86,135,85,85,1.7,133,83,83,1.66,116,66,66,1.32
88,194,106,106,1.2045454545454546,210,122,122,1.3863636363636365,194,106,106,1.2045454545454546,182,94,94,1.0681818181818181
54,115,61,61,1.1296296296296295,122,68,68,1.2592592592592593,112,58,58,1.0740740740740742,105,51,51,0.9444444444444444
58,139,81,81,1.396551724137931,143,85,85,1.4655172413793103,164,106,106,1.8275862068965518,152,94,94,1.6206896551724137
65,143,78,78,1.2,115,50,50,0.7692307692307693,110,45,45,0.6923076923076923,116,51,51,0.7846153846153846
61,144,83,83,1.360655737704918,116,55,55,0.9016393442622951,146,85,85,1.3934426229508197,147,86,86,1.4098360655737705
53,90,37,37,0.6981132075471698,120,67,67,1.2641509433962264,106,53,53,1.0,88,35,35,0.660377358490566
82,168,86,86,1.048780487804878,185,103,103,1.2560975609756098,184,102,102,1.2439024390243902,178,96,96,1.170731707317073
58,133,75,75,1.293103448275862,153,95,95,1.6379310344827587,138,80,80,1.3793103448275863,112,54,54,0.9310344827586207
49,146,97,97,1.9795918367346939,91,42,42,0.8571428571428571,119,70,70,1.4285714285714286,107,58,58,1.183673469387755
104,259,155,155,1.4903846153846154,212,108,108,1.0384615384615385,253,149,149,1.4326923076923077,203,99,99,0.9519230769230769
76,187,111,111,1.4605263157894737,179,103,103,1.355263157894737,152,76,76,1.0,177,101,101,1.3289473684210527
52,150,98,98,1.8846153846153846,108,56,56,1.0769230769230769,143,91,91,1.75,132,80,80,1.5384615384615385
63,215,152,152,2.4126984126984126,146,83,83,1.3174603174603174,192,129,129,2.0476190476190474,169,106,106,1.6825396825396826
49,109,60,60,1.2244897959183674,118,69,69,1.4081632653061225,147,98,98,2.0,121,72,72,1.469387755102041
47,98,51,51,1.0851063829787233,100,53,53,1.127659574468085,116,69,69,1.4680851063829787,121,74,74,1.574468085106383
86,261,175,175,2.0348837209302326,261,175,175,2.0348837209302326,230,144,144,1.6744186046511629,225,139,139,1.6162790697674418
57,135,78,78,1.368421052631579,126,69,69,1.2105263157894737,134,77,77,1.3508771929824561,134,77,77,1.3508771929824561
84,202,118,118,1.4047619047619047,200,116,116,1.380952380952381,148,64,64,0.7619047619047619,176,92,92,1.0952380952380953
63,206,143,143,2.2698412698412698,167,104,104,1.6507936507936507,188,125,125,1.9841269841269842,197,134,134,2.126984126984127
64,167,103,103,1.609375,155,91,91,1.421875,164,100,100,1.5625,137,73,73,1.140625
89,199,110,110,1.2359550561797752,305,216,216,2.4269662921348316,205,116,116,1.303370786516854,217,128,128,1.4382022471910112
92,218,126,126,1.3695652173913044,240,148,148,1.608695652173913,234,142,142,1.5434782608695652,217,125,125,1.358695652173913
79,173,94,94,1.1898734177215189,191,112,112,1.4177215189873418,182,103,103,1.3037974683544304,166,87,87,1.1012658227848102
30,97,67,67,2.2333333333333334,71,41,41,1.3666666666666667,82,52,52,1.7333333333333334,64,34,34,1.1333333333333333
65,210,145,145,2.230769230769231,157,92,92,1.4153846153846155,148,83,83,1.2769230769230768,101,36,36,0.5538461538461539
90,210,120,120,1.3333333333333333,206,116,116,1.288888888888889,172,82,82,0.9111111111111111,199,109,109,1.211111111111111
77,158,81,81,1.051948051948052,158,81,81,1.051948051948052,154,77,77,1.0,166,89,89,1.155844155844156
50,80,30,30,0.6,90,40,40,0.8,92,42,42,0.84,91,41,41,0.82
59,111,52,52,0.8813559322033898,138,79,79,1.3389830508474576,122,63,63,1.0677966101694916,105,46,46,0.7796610169491526
107,233,126,126,1.1775700934579438,274,167,167,1.560747663551402,233,126,126,1.1775700934579438,195,88,88,0.822429906542056
49,189,140,140,2.857142857142857,149,100,100,2.0408163265306123,139,90,90,1.836734693877551,137,88,88,1.7959183673469388
75,170,95,95,1.2666666666666666,183,108,108,1.44,174,99,99,1.32,153,78,78,1.04
54,161,107,107,1.9814814814814814,129,75,75,1.3888888888888888,143,89,89,1.6481481481481481,146,92,92,1.7037037037037037
105,288,183,183,1.7428571428571429,278,173,173,1.6476190476190475,272,167,167,1.5904761904761904,233,128,128,1.2190476190476192
91,279,188,188,2.065934065934066,269,178,178,1.956043956043956,295,204,204,2.241758241758242,276,185,185,2.032967032967033
81,292,211,211,2.6049382716049383,208,127,127,1.5679012345679013,234,153,153,1.8888888888888888,208,127,127,1.5679012345679013
66,194,128,128,1.9393939393939394,159,93,93,1.4090909090909092,177,111,111,1.6818181818181819,179,113,113,1.7121212121212122
95,255,160,160,1.6842105263157894,241,146,146,1.5368421052631578,272,177,177,1.8631578947368421,254,159,159,1.6736842105263159
52,180,128,128,2.4615384615384617,170,118,118,2.269230769230769,131,79,79,1.5192307692307692,111,59,59,1.1346153846153846
47,138,91,91,1.9361702127659575,110,63,63,1.3404255319148937,127,80,80,1.702127659574468,124,77,77,1.6382978723404256
95,209,114,114,1.2,154,59,59,0.6210526315789474,164,69,69,0.7263157894736842,187,92,92,0.968421052631579
59,157,98,98,1.6610169491525424,108,49,49,0.8305084745762712,147,88,88,1.4915254237288136,131,72,72,1.2203389830508475
51,113,62,62,1.2156862745098038,100,49,49,0.9607843137254902,96,45,45,0.8823529411764706,100,49,49,0.9607843137254902
53,132,79,79,1.490566037735849,104,51,51,0.9622641509433962,127,74,74,1.3962264150943395,114,61,61,1.150943396226415
66,222,156,156,2.3636363636363638,166,100,100,1.5151515151515151,140,74,74,1.121212121212121,119,53,53,0.803030303030303
89,227,138,138,1.550561797752809,203,114,114,1.2808988764044944,219,130,130,1.4606741573033708,212,123,123,1.3820224719101124
71,157,86,86,1.2112676056338028,119,48,48,0.676056338028169,114,43,43,0.6056338028169014,127,56,56,0.7887323943661971
53,112,59,59,1.1132075471698113,103,50,50,0.9433962264150944,103,50,50,0.9433962264150944,109,56,56,1.0566037735849056
59,143,84,84,1.423728813559322,135,76,76,1.2881355932203389,130,71,71,1.2033898305084745,134,75,75,1.271186440677966
55,151,96,96,1.7454545454545454,122,67,67,1.2181818181818183,120,65,65,1.1818181818181819,116,61,61,1.1090909090909091
90,240,150,150,1.6666666666666667,190,100,100,1.1111111111111112,246,156,156,1.7333333333333334,206,116,116,1.288888888888889
39,112,73,73,1.8717948717948718,128,89,89,2.282051282051282,105,66,66,1.6923076923076923,111,72,72,1.8461538461538463
87,281,194,194,2.2298850574712645,245,158,158,1.8160919540229885,256,169,169,1.9425287356321839,248,161,161,1.8505747126436782
45,133,88,88,1.9555555555555555,122,77,77,1.711111111111111,135,90,90,2.0,112,67,67,1.488888888888889
63,161,98,98,1.5555555555555556,133,70,70,1.1111111111111112,167,104,104,1.6507936507936507,160,97,97,1.5396825396825398
76,255,179,179,2.3552631578947367,235,159,159,2.0921052631578947,217,141,141,1.855263157894737,165,89,89,1.1710526315789473
48,157,109,109,2.2708333333333335,102,54,54,1.125,183,135,135,2.8125,122,74,74,1.5416666666666667
46,140,94,94,2.0434782608695654,132,86,86,1.8695652173913044,139,93,93,2.0217391304347827,121,75,75,1.6304347826086956
37,139,102,102,2.7567567567567566,107,70,70,1.8918918918918919,93,56,56,1.5135135135135136,68,31,31,0.8378378378378378
56,166,110,110,1.9642857142857142,155,99,99,1.7678571428571428,152,96,96,1.7142857142857142,144,88,88,1.5714285714285714
29,130,101,101,3.4827586206896552,112,83,83,2.8620689655172415,95,66,66,2.2758620689655173,100,71,71,2.4482758620689653
40,111,71,71,1.775,127,87,87,2.175,122,82,82,2.05,111,71,71,1.775
95,279,184,184,1.936842105263158,203,108,108,1.1368421052631579,272,177,177,1.8631578947368421,227,132,132,1.3894736842105264
53,151,98,98,1.849056603773585,125,72,72,1.3584905660377358,145,92,92,1.7358490566037736,143,90,90,1.6981132075471699
88,250,162,162,1.8409090909090908,204,116,116,1.3181818181818181,274,186,186,2.1136363636363638,221,133,133,1.5113636363636365
56,151,95,95,1.6964285714285714,148,92,92,1.6428571428571428,149,93,93,1.6607142857142858,153,97,97,1.7321428571428572
93,237,144,144,1.5483870967741935,256,163,163,1.7526881720430108,223,130,130,1.3978494623655915,199,106,106,1.1397849462365592
83,216,133,133,1.6024096385542168,225,142,142,1.7108433734939759,243,160,160,1.927710843373494,225,142,142,1.7108433734939759
63,197,134,134,2.126984126984127,217,154,154,2.4444444444444446,207,144,144,2.2857142857142856,207,144,144,2.2857142857142856
66,176,110,110,1.6666666666666667,219,153,153,2.3181818181818183,178,112,112,1.696969696969697,177,111,111,1.6818181818181819
94,189,95,95,1.0106382978723405,209,115,115,1.2234042553191489,172,78,78,0.8297872340425532,223,129,129,1.372340425531915
108,331,223,223,2.064814814814815,304,196,196,1.8148148148148149,316,208,208,1.9259259259259258,284,176,176,1.6296296296296295
60,208,148,148,2.466666666666667,183,123,123,2.05,194,134,134,2.2333333333333334,153,93,93,1.55
86,230,144,144,1.6744186046511629,196,110,110,1.2790697674418605,173,87,87,1.0116279069767442,203,117,117,1.3604651162790697
70,168,98,98,1.4,139,69,69,0.9857142857142858,157,87,87,1.2428571428571429,141,71,71,1.0142857142857142
81,205,124,124,1.5308641975308641,145,64,64,0.7901234567901234,189,108,108,1.3333333333333333,148,67,67,0.8271604938271605
80,162,82,82,1.025,148,68,68,0.85,120,40,40,0.5,121,41,41,0.5125
91,230,139,139,1.5274725274725274,222,131,131,1.4395604395604396,236,145,145,1.5934065934065933,223,132,132,1.4505494505494505
82,181,99,99,1.2073170731707317,186,104,104,1.2682926829268293,204,122,122,1.4878048780487805,182,100,100,1.2195121951219512
81,199,118,118,1.4567901234567902,171,90,90,1.1111111111111112,171,90,90,1.1111111111111112,183,102,102,1.2592592592592593
101,187,86,86,0.8514851485148515,180,79,79,0.7821782178217822,220,119,119,1.1782178217821782,147,46,46,0.45544554455445546
100,242,142,142,1.42,258,158,158,1.58,205,105,105,1.05,230,130,130,1.3
89,211,122,122,1.3707865168539326,216,127,127,1.4269662921348314,170,81,81,0.9101123595505618,175,86,86,0.9662921348314607
35,138,103,103,2.942857142857143,117,82,82,2.342857142857143,129,94,94,2.6857142857142855,97,62,62,1.7714285714285714
65,224,159,159,2.4461538461538463,159,94,94,1.4461538461538461,160,95,95,1.4615384615384615,110,45,45,0.6923076923076923
58,158,100,100,1.7241379310344827,149,91,91,1.5689655172413792,170,112,112,1.9310344827586208,140,82,82,1.4137931034482758
50,119,69,69,1.38,108,58,58,1.16,105,55,55,1.1,95,45,45,0.9
109,286,177,177,1.6238532110091743,260,151,151,1.385321100917431,232,123,123,1.128440366972477,226,117,117,1.073394495412844
36,96,60,60,1.6666666666666667,112,76,76,2.111111111111111,141,105,105,2.9166666666666665,86,50,50,1.3888888888888888
28,82,54,54,1.9285714285714286,47,19,19,0.6785714285714286,75,47,47,1.6785714285714286,52,24,24,0.8571428571428571
24,64,40,40,1.6666666666666667,54,30,30,1.25,55,31,31,1.2916666666666667,55,31,31,1.2916666666666667
54,116,62,62,1.1481481481481481,92,38,38,0.7037037037037037,112,58,58,1.0740740740740742,97,43,43,0.7962962962962963
62,153,91,91,1.467741935483871,157,95,95,1.532258064516129,160,98,98,1.5806451612903225,143,81,81,1.3064516129032258
71,191,120,120,1.6901408450704225,213,142,142,2.0,211,140,140,1.971830985915493,126,55,55,0.7746478873239436
81,208,127,127,1.5679012345679013,201,120,120,1.4814814814814814,202,121,121,1.4938271604938271,184,103,103,1.271604938271605
79,133,54,54,0.6835443037974683,175,96,96,1.2151898734177216,151,72,72,0.9113924050632911,162,83,83,1.0506329113924051
78,192,114,114,1.4615384615384615,166,88,88,1.1282051282051282,179,101,101,1.294871794871795,137,59,59,0.7564102564102564
75,162,87,87,1.16,137,62,62,0.8266666666666667,139,64,64,0.8533333333333334,153,78,78,1.04
56,167,111,111,1.9821428571428572,152,96,96,1.7142857142857142,143,87,87,1.5535714285714286,149,93,93,1.6607142857142858
38,110,72,72,1.894736842105263,127,89,89,2.3421052631578947,135,97,97,2.5526315789473686,101,63,63,1.6578947368421053
49,112,63,63,1.2857142857142858,124,75,75,1.530612244897959,107,58,58,1.183673469387755,100,51,51,1.0408163265306123
60,194,134,134,2.2333333333333334,185,125,125,2.0833333333333335,189,129,129,2.15,166,106,106,1.7666666666666666
69,221,152,152,2.2028985507246377,220,151,151,2.1884057971014492,226,157,157,2.2753623188405796,178,109,109,1.5797101449275361
87,198,111,111,1.2758620689655173,194,107,107,1.2298850574712643,157,70,70,0.8045977011494253,201,114,114,1.3103448275862069
101,304,203,203,2.00990099009901,278,177,177,1.7524752475247525,305,204,204,2.01980198019802,272,171,171,1.693069306930693
65,207,142,142,2.1846153846153844,180,115,115,1.7692307692307692,182,117,117,1.8,177,112,112,1.7230769230769232
85,229,144,144,1.6941176470588235,187,102,102,1.2,188,103,103,1.2117647058823529,164,79,79,0.9294117647058824
87,187,100,100,1.1494252873563218,246,159,159,1.8275862068965518,218,131,131,1.5057471264367817,215,128,128,1.471264367816092
79,238,159,159,2.0126582278481013,229,150,150,1.8987341772151898,239,160,160,2.0253164556962027,210,131,131,1.6582278481012658
73,194,121,121,1.6575342465753424,190,117,117,1.6027397260273972,205,132,132,1.8082191780821917,206,133,133,1.821917808219178
60,197,137,137,2.283333333333333,200,140,140,2.3333333333333335,177,117,117,1.95,161,101,101,1.6833333333333333
42,108,66,66,1.5714285714285714,102,60,60,1.4285714285714286,110,68,68,1.619047619047619,110,68,68,1.619047619047619
35,116,81,81,2.3142857142857145,118,83,83,2.3714285714285714,87,52,52,1.4857142857142858,75,40,40,1.1428571428571428
47,103,56,56,1.1914893617021276,104,57,57,1.2127659574468086,95,48,48,1.0212765957446808,86,39,39,0.8297872340425532
83,234,151,151,1.819277108433735,210,127,127,1.5301204819277108,206,123,123,1.4819277108433735,187,104,104,1.2530120481927711
102,254,152,152,1.4901960784313726,226,124,124,1.2156862745098038,271,169,169,1.6568627450980393,236,134,134,1.3137254901960784
82,257,175,175,2.1341463414634148,165,83,83,1.0121951219512195,182,100,100,1.2195121951219512,204,122,122,1.4878048780487805
68,214,146,146,2.1470588235294117,141,73,73,1.0735294117647058,184,116,116,1.7058823529411764,163,95,95,1.3970588235294117
49,155,106,106,2.163265306122449,138,89,89,1.816326530612245,145,96,96,1.9591836734693877,106,57,57,1.163265306122449
86,232,146,146,1.697674418604651,184,98,98,1.1395348837209303,197,111,111,1.2906976744186047,208,122,122,1.4186046511627908
75,223,148,148,1.9733333333333334,261,186,186,2.48,231,156,156,2.08,163,88,88,1.1733333333333333
103,319,216,216,2.0970873786407767,291,188,188,1.825242718446602,286,183,183,1.7766990291262137,250,147,147,1.4271844660194175
46,126,80,80,1.7391304347826086,118,72,72,1.565217391304348,111,65,65,1.4130434782608696,113,67,67,1.4565217391304348
97,260,163,163,1.6804123711340206,250,153,153,1.577319587628866,286,189,189,1.9484536082474226,231,134,134,1.3814432989690721
82,223,141,141,1.7195121951219512,218,136,136,1.6585365853658536,244,162,162,1.975609756097561,187,105,105,1.2804878048780488
93,218,125,125,1.3440860215053763,219,126,126,1.3548387096774193,237,144,144,1.5483870967741935,209,116,116,1.2473118279569892
79,246,167,167,2.1139240506329116,178,99,99,1.2531645569620253,210,131,131,1.6582278481012658,197,118,118,1.4936708860759493
75,215,140,140,1.8666666666666667,106,31,31,0.41333333333333333,267,192,192,2.56,128,53,53,0.7066666666666667
69,227,158,158,2.289855072463768,186,117,117,1.6956521739130435,208,139,139,2.0144927536231885,168,99,99,1.434782608695652
61,133,72,72,1.180327868852459,130,69,69,1.1311475409836065,110,49,49,0.8032786885245902,129,68,68,1.1147540983606556
83,248,165,165,1.9879518072289157,259,176,176,2.1204819277108435,266,183,183,2.2048192771084336,211,128,128,1.5421686746987953
104,322,218,218,2.0961538461538463,281,177,177,1.7019230769230769,333,229,229,2.201923076923077,311,207,207,1.9903846153846154
61,149,88,88,1.4426229508196722,137,76,76,1.2459016393442623,139,78,78,1.278688524590164,129,68,68,1.1147540983606556
88,221,133,133,1.5113636363636365,219,131,131,1.4886363636363635,252,164,164,1.8636363636363635,220,132,132,1.5
53,137,84,84,1.5849056603773586,156,103,103,1.9433962264150944,168,115,115,2.169811320754717,161,108,108,2.0377358490566038
78,240,162,162,2.076923076923077,199,121,121,1.5512820512820513,243,165,165,2.1153846153846154,206,128,128,1.641025641025641
106,284,178,178,1.679245283018868,294,188,188,1.7735849056603774,296,190,190,1.7924528301886793,270,164,164,1.5471698113207548
94,346,252,252,2.6808510638297873,238,144,144,1.5319148936170213,281,187,187,1.9893617021276595,273,179,179,1.9042553191489362
50,97,47,47,0.94,148,98,98,1.96,115,65,65,1.3,110,60,60,1.2
69,231,162,162,2.347826086956522,196,127,127,1.8405797101449275,243,174,174,2.5217391304347827,200,131,131,1.8985507246376812
68,182,114,114,1.6764705882352942,217,149,149,2.1911764705882355,196,128,128,1.8823529411764706,178,110,110,1.6176470588235294
100,290,190,190,1.9,264,164,164,1.64,288,188,188,1.88,251,151,151,1.51
80,214,134,134,1.675,192,112,112,1.4,174,94,94,1.175,187,107,107,1.3375
68,122,54,54,0.7941176470588235,141,73,73,1.0735294117647058,136,68,68,1.0,150,82,82,1.2058823529411764
78,174,96,96,1.2307692307692308,175,97,97,1.2435897435897436,156,78,78,1.0,151,73,73,0.9358974358974359
66,154,88,88,1.3333333333333333,156,90,90,1.3636363636363635,152,86,86,1.303030303030303,156,90,90,1.3636363636363635
57,157,100,100,1.7543859649122806,145,88,88,1.543859649122807,154,97,97,1.7017543859649122,130,73,73,1.280701754385965
54,120,66,66,1.2222222222222223,113,59,59,1.0925925925925926,121,67,67,1.2407407407407407,111,57,57,1.0555555555555556
46,91,45,45,0.9782608695652174,100,54,54,1.173913043478261,102,56,56,1.2173913043478262,77,31,31,0.6739130434782609
74,181,107,107,1.445945945945946,167,93,93,1.2567567567567568,169,95,95,1.2837837837837838,158,84,84,1.135135135135135
86,221,135,135,1.569767441860465,206,120,120,1.3953488372093024,192,106,106,1.2325581395348837,180,94,94,1.0930232558139534
65,241,176,176,2.707692307692308,210,145,145,2.230769230769231,237,172,172,2.646153846153846,189,124,124,1.9076923076923078
66,197,131,131,1.9848484848484849,200,134,134,2.0303030303030303,231,165,165,2.5,191,125,125,1.893939393939394
56,192,136,136,2.4285714285714284,180,124,124,2.2142857142857144,194,138,138,2.4642857142857144,151,95,95,1.6964285714285714
68,192,124,124,1.8235294117647058,163,95,95,1.3970588235294117,131,63,63,0.9264705882352942,136,68,68,1.0
60,130,70,70,1.1666666666666667,181,121,121,2.0166666666666666,218,158,158,2.6333333333333333,185,125,125,2.0833333333333335
63,145,82,82,1.3015873015873016,164,101,101,1.6031746031746033,134,71,71,1.126984126984127,148,85,85,1.3492063492063493
86,200,114,114,1.3255813953488371,265,179,179,2.0813953488372094,230,144,144,1.6744186046511629,201,115,115,1.3372093023255813
58,119,61,61,1.0517241379310345,118,60,60,1.0344827586206897,166,108,108,1.8620689655172413,133,75,75,1.293103448275862
46,142,96,96,2.0869565217391304,139,93,93,2.0217391304347827,120,74,74,1.608695652173913,108,62,62,1.3478260869565217
42,94,52,52,1.2380952380952381,98,56,56,1.3333333333333333,110,68,68,1.619047619047619,90,48,48,1.1428571428571428
84,190,106,106,1.2619047619047619,158,74,74,0.8809523809523809,231,147,147,1.75,145,61,61,0.7261904761904762
78,207,129,129,1.6538461538461537,177,99,99,1.2692307692307692,192,114,114,1.4615384615384615,157,79,79,1.0128205128205128
43,114,71,71,1.6511627906976745,88,45,45,1.0465116279069768,122,79,79,1.8372093023255813,100,57,57,1.3255813953488371
48,111,63,63,1.3125,139,91,91,1.8958333333333333,107,59,59,1.2291666666666667,116,68,68,1.4166666666666667
86,284,198,198,2.302325581395349,213,127,127,1.4767441860465116,275,189,189,2.197674418604651,205,119,119,1.3837209302325582
81,167,86,86,1.0617283950617284,191,110,110,1.3580246913580247,176,95,95,1.1728395061728396,181,100,100,1.2345679012345678
48,133,85,85,1.7708333333333333,139,91,91,1.8958333333333333,171,123,123,2.5625,131,83,83,1.7291666666666667
78,208,130,130,1.6666666666666667,187,109,109,1.3974358974358974,207,129,129,1.6538461538461537,202,124,124,1.5897435897435896
71,204,133,133,1.8732394366197183,167,96,96,1.352112676056338,175,104,104,1.4647887323943662,188,117,117,1.647887323943662
82,234,152,152,1.853658536585366,204,122,122,1.4878048780487805,168,86,86,1.048780487804878,162,80,80,0.975609756097561
63,205,142,142,2.253968253968254,175,112,112,1.7777777777777777,157,94,94,1.492063492063492,136,73,73,1.1587301587301588
58,167,109,109,1.8793103448275863,154,96,96,1.6551724137931034,152,94,94,1.6206896551724137,132,74,74,1.2758620689655173
75,206,131,131,1.7466666666666666,167,92,92,1.2266666666666666,169,94,94,1.2533333333333334,154,79,79,1.0533333333333332
68,208,140,140,2.0588235294117645,205,137,137,2.014705882352941,187,119,119,1.75,154,86,86,1.2647058823529411
51,160,109,109,2.1372549019607843,152,101,101,1.9803921568627452,150,99,99,1.9411764705882353,138,87,87,1.7058823529411764
45,96,51,51,1.1333333333333333,90,45,45,1.0,94,49,49,1.0888888888888888,92,47,47,1.0444444444444445
55,172,117,117,2.1272727272727274,193,138,138,2.5090909090909093,147,92,92,1.6727272727272726,134,79,79,1.4363636363636363
87,229,142,142,1.632183908045977,164,77,77,0.8850574712643678,158,71,71,0.8160919540229885,157,70,70,0.8045977011494253
105,289,184,184,1.7523809523809524,243,138,138,1.3142857142857143,223,118,118,1.1238095238095238,190,85,85,0.8095238095238095
97,263,166,166,1.711340206185567,229,132,132,1.3608247422680413,197,100,100,1.0309278350515463,215,118,118,1.2164948453608246
53,128,75,75,1.4150943396226414,123,70,70,1.320754716981132,122,69,69,1.3018867924528301,85,32,32,0.6037735849056604
82,221,139,139,1.6951219512195121,214,132,132,1.6097560975609757,214,132,132,1.6097560975609757,228,146,146,1.7804878048780488
81,193,112,112,1.382716049382716,159,78,78,0.9629629629629629,152,71,71,0.8765432098765432,134,53,53,0.654320987654321
52,170,118,118,2.269230769230769,142,90,90,1.7307692307692308,177,125,125,2.4038461538461537,128,76,76,1.4615384615384615
106,241,135,135,1.2735849056603774,249,143,143,1.349056603773585,236,130,130,1.2264150943396226,246,140,140,1.320754716981132
36,152,116,116,3.2222222222222223,156,120,120,3.3333333333333335,161,125,125,3.4722222222222223,110,74,74,2.0555555555555554
72,223,151,151,2.0972222222222223,196,124,124,1.7222222222222223,231,159,159,2.2083333333333335,200,128,128,1.7777777777777777
44,198,154,154,3.5,131,87,87,1.9772727272727273,157,113,113,2.5681818181818183,127,83,83,1.8863636363636365
71,206,135,135,1.9014084507042253,190,119,119,1.676056338028169,230,159,159,2.23943661971831,197,126,126,1.7746478873239437
43,123,80,80,1.8604651162790697,134,91,91,2.116279069767442,149,106,106,2.4651162790697674,108,65,65,1.5116279069767442
49,148,99,99,2.020408163265306,147,98,98,2.0,156,107,107,2.183673469387755,139,90,90,1.836734693877551
34,104,70,70,2.0588235294117645,102,68,68,2.0,107,73,73,2.1470588235294117,96,62,62,1.8235294117647058
21,59,38,38,1.8095238095238095,54,33,33,1.5714285714285714,55,34,34,1.619047619047619,55,34,34,1.619047619047619
33,90,57,57,1.7272727272727273,105,72,72,2.1818181818181817,75,42,42,1.2727272727272727,96,63,63,1.9090909090909092
78,205,127,127,1.6282051282051282,222,144,144,1.8461538461538463,180,102,102,1.3076923076923077,227,149,149,1.9102564102564104
101,262,161,161,1.5940594059405941,256,155,155,1.5346534653465347,247,146,146,1.4455445544554455,262,161,161,1.5940594059405941
38,109,71,71,1.868421052631579,108,70,70,1.8421052631578947,112,74,74,1.9473684210526316,104,66,66,1.736842105263158
45,109,64,64,1.4222222222222223,91,46,46,1.0222222222222221,86,41,41,0.9111111111111111,85,40,40,0.8888888888888888
84,224,140,140,1.6666666666666667,175,91,91,1.0833333333333333,143,59,59,0.7023809523809523,143,59,59,0.7023809523809523
58,135,77,77,1.3275862068965518,177,119,119,2.0517241379310347,155,97,97,1.6724137931034482,150,92,92,1.5862068965517242
103,301,198,198,1.9223300970873787,297,194,194,1.883495145631068,276,173,173,1.6796116504854368,284,181,181,1.7572815533980584
66,124,58,58,0.8787878787878788,131,65,65,0.9848484848484849,117,51,51,0.7727272727272727,105,39,39,0.5909090909090909
47,104,57,57,1.2127659574468086,134,87,87,1.851063829787234,94,47,47,1.0,85,38,38,0.8085106382978723
81,223,142,142,1.7530864197530864,219,138,138,1.7037037037037037,186,105,105,1.2962962962962963,200,119,119,1.4691358024691359
68,149,81,81,1.1911764705882353,158,90,90,1.3235294117647058,141,73,73,1.0735294117647058,131,63,63,0.9264705882352942
62,159,97,97,1.564516129032258,169,107,107,1.7258064516129032,143,81,81,1.3064516129032258,140,78,78,1.2580645161290323
74,197,123,123,1.662162162162162,162,88,88,1.1891891891891893,127,53,53,0.7162162162162162,131,57,57,0.7702702702702703
70,188,118,118,1.6857142857142857,180,110,110,1.5714285714285714,115,45,45,0.6428571428571429,180,110,110,1.5714285714285714
81,259,178,178,2.197530864197531,217,136,136,1.6790123456790123,197,116,116,1.4320987654320987,183,102,102,1.2592592592592593
54,184,130,130,2.4074074074074074,144,90,90,1.6666666666666667,138,84,84,1.5555555555555556,140,86,86,1.5925925925925926
90,211,121,121,1.3444444444444446,242,152,152,1.6888888888888889,255,165,165,1.8333333333333333,236,146,146,1.6222222222222222
102,250,148,148,1.4509803921568627,256,154,154,1.5098039215686274,283,181,181,1.7745098039215685,209,107,107,1.0490196078431373
62,143,81,81,1.3064516129032258,171,109,109,1.7580645161290323,173,111,111,1.7903225806451613,141,79,79,1.2741935483870968
48,131,83,83,1.7291666666666667,116,68,68,1.4166666666666667,113,65,65,1.3541666666666667,101,53,53,1.1041666666666667
101,255,154,154,1.5247524752475248,192,91,91,0.900990099009901,218,117,117,1.1584158415841583,194,93,93,0.9207920792079208
43,136,93,93,2.1627906976744184,93,50,50,1.1627906976744187,116,73,73,1.697674418604651,100,57,57,1.3255813953488371
102,249,147,147,1.4411764705882353,216,114,114,1.1176470588235294,228,126,126,1.2352941176470589,208,106,106,1.0392156862745099
94,257,163,163,1.7340425531914894,229,135,135,1.4361702127659575,264,170,170,1.8085106382978724,251,157,157,1.6702127659574468
60,181,121,121,2.0166666666666666,190,130,130,2.1666666666666665,177,117,117,1.95,159,99,99,1.65
39,158,119,119,3.051282051282051,148,109,109,2.7948717948717947,118,79,79,2.0256410256410255,115,76,76,1.9487179487179487
85,235,150,150,1.7647058823529411,216,131,131,1.5411764705882354,242,157,157,1.8470588235294119,183,98,98,1.1529411764705881
57,140,83,83,1.456140350877193,130,73,73,1.280701754385965,125,68,68,1.1929824561403508,141,84,84,1.4736842105263157
104,356,252,252,2.423076923076923,279,175,175,1.6826923076923077,280,176,176,1.6923076923076923,269,165,165,1.5865384615384615
71,225,154,154,2.1690140845070425,183,112,112,1.5774647887323943,235,164,164,2.3098591549295775,169,98,98,1.380281690140845
104,283,179,179,1.7211538461538463,248,144,144,1.3846153846153846,274,170,170,1.6346153846153846,260,156,156,1.5
103,279,176,176,1.7087378640776698,257,154,154,1.4951456310679612,265,162,162,1.5728155339805825,237,134,134,1.3009708737864079
53,238,185,185,3.490566037735849,189,136,136,2.5660377358490565,221,168,168,3.169811320754717,171,118,118,2.2264150943396226
78,152,74,74,0.9487179487179487,173,95,95,1.2179487179487178,156,78,78,1.0,155,77,77,0.9871794871794872
66,155,89,89,1.3484848484848484,169,103,103,1.5606060606060606,181,115,115,1.7424242424242424,146,80,80,1.2121212121212122
60,194,134,134,2.2333333333333334,167,107,107,1.7833333333333334,167,107,107,1.7833333333333334,144,84,84,1.4
48,135,87,87,1.8125,126,78,78,1.625,131,83,83,1.7291666666666667,124,76,76,1.5833333333333333
101,339,238,238,2.3564356435643563,267,166,166,1.6435643564356435,274,173,173,1.7128712871287128,219,118,118,1.1683168316831682
42,101,59,59,1.4047619047619047,105,63,63,1.5,103,61,61,1.4523809523809523,107,65,65,1.5476190476190477
94,262,168,168,1.7872340425531914,211,117,117,1.2446808510638299,236,142,142,1.5106382978723405,200,106,106,1.127659574468085
60,171,111,111,1.85,146,86,86,1.4333333333333333,150,90,90,1.5,133,73,73,1.2166666666666666
47,88,41,41,0.8723404255319149,120,73,73,1.553191489361702,93,46,46,0.9787234042553191,89,42,42,0.8936170212765957
62,110,48,48,0.7741935483870968,127,65,65,1.0483870967741935,125,63,63,1.0161290322580645,111,49,49,0.7903225806451613
56,145,89,89,1.5892857142857142,111,55,55,0.9821428571428571,125,69,69,1.2321428571428572,107,51,51,0.9107142857142857
67,164,97,97,1.4477611940298507,119,52,52,0.7761194029850746,129,62,62,0.9253731343283582,130,63,63,0.9402985074626866
85,199,114,114,1.3411764705882352,188,103,103,1.2117647058823529,175,90,90,1.0588235294117647,153,68,68,0.8
66,192,126,126,1.9090909090909092,162,96,96,1.4545454545454546,163,97,97,1.4696969696969697,140,74,74,1.121212121212121
81,201,120,120,1.4814814814814814,189,108,108,1.3333333333333333,173,92,92,1.1358024691358024,142,61,61,0.7530864197530864
111,243,132,132,1.1891891891891893,285,174,174,1.5675675675675675,203,92,92,0.8288288288288288,231,120,120,1.0810810810810811
92,216,124,124,1.3478260869565217,183,91,91,0.9891304347826086,184,92,92,1.0,159,67,67,0.7282608695652174
88,180,92,92,1.0454545454545454,166,78,78,0.8863636363636364,172,84,84,0.9545454545454546,151,63,63,0.7159090909090909
70,168,98,98,1.4,140,70,70,1.0,105,35,35,0.5,131,61,61,0.8714285714285714
62,162,100,100,1.6129032258064515,129,67,67,1.0806451612903225,125,63,63,1.0161290322580645,120,58,58,0.9354838709677419
93,209,116,116,1.2473118279569892,214,121,121,1.3010752688172043,223,130,130,1.3978494623655915,207,114,114,1.2258064516129032
65,140,75,75,1.1538461538461537,126,61,61,0.9384615384615385,114,49,49,0.7538461538461538,111,46,46,0.7076923076923077
51,139,88,88,1.7254901960784315,123,72,72,1.411764705882353,116,65,65,1.2745098039215685,116,65,65,1.2745098039215685
93,190,97,97,1.043010752688172,201,108,108,1.1612903225806452,198,105,105,1.1290322580645162,192,99,99,1.064516129032258
101,216,115,115,1.1386138613861385,225,124,124,1.2277227722772277,199,98,98,0.9702970297029703,186,85,85,0.8415841584158416
103,172,69,69,0.6699029126213593,185,82,82,0.7961165048543689,173,70,70,0.6796116504854369,159,56,56,0.5436893203883495
56,112,56,56,1.0,116,60,60,1.0714285714285714,115,59,59,1.0535714285714286,109,53,53,0.9464285714285714
57,139,82,82,1.4385964912280702,113,56,56,0.9824561403508771,128,71,71,1.2456140350877194,99,42,42,0.7368421052631579
96,175,79,79,0.8229166666666666,196,100,100,1.0416666666666667,192,96,96,1.0,173,77,77,0.8020833333333334
37,59,22,22,0.5945945945945946,95,58,58,1.5675675675675675,72,35,35,0.9459459459459459,65,28,28,0.7567567567567568
55,188,133,133,2.418181818181818,145,90,90,1.6363636363636365,134,79,79,1.4363636363636363,121,66,66,1.2
89,178,89,89,1.0,213,124,124,1.3932584269662922,201,112,112,1.2584269662921348,229,140,140,1.5730337078651686
79,188,109,109,1.379746835443038,193,114,114,1.4430379746835442,188,109,109,1.379746835443038,166,87,87,1.1012658227848102
67,143,76,76,1.1343283582089552,167,100,100,1.492537313432836,166,99,99,1.4776119402985075,163,96,96,1.4328358208955223
48,137,89,89,1.8541666666666667,129,81,81,1.6875,143,95,95,1.9791666666666667,122,74,74,1.5416666666666667
73,190,117,117,1.6027397260273972,173,100,100,1.36986301369863,181,108,108,1.4794520547945205,185,112,112,1.5342465753424657
70,190,120,120,1.7142857142857142,193,123,123,1.7571428571428571,153,83,83,1.1857142857142857,164,94,94,1.3428571428571427
63,158,95,95,1.507936507936508,180,117,117,1.8571428571428572,123,60,60,0.9523809523809523,114,51,51,0.8095238095238095
86,237,151,151,1.755813953488372,256,170,170,1.9767441860465116,237,151,151,1.755813953488372,178,92,92,1.069767441860465
67,219,152,152,2.2686567164179103,223,156,156,2.328358208955224,151,84,84,1.2537313432835822,156,89,89,1.328358208955224
67,153,86,86,1.2835820895522387,194,127,127,1.8955223880597014,171,104,104,1.5522388059701493,154,87,87,1.2985074626865671
67,240,173,173,2.582089552238806,208,141,141,2.1044776119402986,196,129,129,1.9253731343283582,188,121,121,1.8059701492537314
88,311,223,223,2.534090909090909,252,164,164,1.8636363636363635,219,131,131,1.4886363636363635,210,122,122,1.3863636363636365
49,111,62,62,1.2653061224489797,153,104,104,2.122448979591837,112,63,63,1.2857142857142858,119,70,70,1.4285714285714286
57,152,95,95,1.6666666666666667,201,144,144,2.526315789473684,186,129,129,2.263157894736842,143,86,86,1.5087719298245614
49,69,20,20,0.40816326530612246,97,48,48,0.9795918367346939,102,53,53,1.0816326530612246,88,39,39,0.7959183673469388
52,188,136,136,2.6153846153846154,172,120,120,2.3076923076923075,149,97,97,1.8653846153846154,121,69,69,1.3269230769230769
58,143,85,85,1.4655172413793103,176,118,118,2.0344827586206895,167,109,109,1.8793103448275863,164,106,106,1.8275862068965518
54,155,101,101,1.8703703703703705,178,124,124,2.2962962962962963,145,91,91,1.6851851851851851,134,80,80,1.4814814814814814
50,126,76,76,1.52,118,68,68,1.36,114,64,64,1.28,126,76,76,1.52
77,226,149,149,1.9350649350649352,175,98,98,1.2727272727272727,177,100,100,1.2987012987012987,155,78,78,1.0129870129870129
50,193,143,143,2.86,129,79,79,1.58,122,72,72,1.44,127,77,77,1.54
82,221,139,139,1.6951219512195121,176,94,94,1.146341463414634,205,123,123,1.5,163,81,81,0.9878048780487805
78,200,122,122,1.564102564102564,252,174,174,2.230769230769231,200,122,122,1.564102564102564,186,108,108,1.3846153846153846
49,117,68,68,1.3877551020408163,107,58,58,1.183673469387755,116,67,67,1.3673469387755102,100,51,51,1.0408163265306123
55,140,85,85,1.5454545454545454,107,52,52,0.9454545454545454,116,61,61,1.1090909090909091,112,57,57,1.0363636363636364
51,114,63,63,1.2352941176470589,109,58,58,1.1372549019607843,115,64,64,1.2549019607843137,112,61,61,1.196078431372549
102,224,122,122,1.196078431372549,196,94,94,0.9215686274509803,242,140,140,1.3725490196078431,242,140,140,1.3725490196078431
69,167,98,98,1.4202898550724639,138,69,69,1.0,146,77,77,1.1159420289855073,124,55,55,0.7971014492753623
83,310,227,227,2.7349397590361444,177,94,94,1.1325301204819278,199,116,116,1.3975903614457832,204,121,121,1.4578313253012047
71,155,84,84,1.1830985915492958,156,85,85,1.1971830985915493,143,72,72,1.0140845070422535,145,74,74,1.0422535211267605
68,189,121,121,1.7794117647058822,163,95,95,1.3970588235294117,161,93,93,1.3676470588235294,121,53,53,0.7794117647058824
96,269,173,173,1.8020833333333333,194,98,98,1.0208333333333333,216,120,120,1.25,226,130,130,1.3541666666666667
53,194,141,141,2.660377358490566,168,115,115,2.169811320754717,144,91,91,1.7169811320754718,146,93,93,1.7547169811320755
59,138,79,79,1.3389830508474576,114,55,55,0.9322033898305084,144,85,85,1.4406779661016949,110,51,51,0.864406779661017
83,247,164,164,1.9759036144578312,153,70,70,0.8433734939759037,189,106,106,1.2771084337349397,172,89,89,1.072289156626506
80,159,79,79,0.9875,186,106,106,1.325,184,104,104,1.3,135,55,55,0.6875
78,209,131,131,1.6794871794871795,180,102,102,1.3076923076923077,176,98,98,1.2564102564102564,156,78,78,1.0
64,183,119,119,1.859375,224,160,160,2.5,204,140,140,2.1875,164,100,100,1.5625
87,213,126,126,1.4482758620689655,234,147,147,1.6896551724137931,182,95,95,1.0919540229885059,200,113,113,1.2988505747126438
73,222,149,149,2.041095890410959,211,138,138,1.8904109589041096,211,138,138,1.8904109589041096,183,110,110,1.5068493150684932
93,211,118,118,1.2688172043010753,197,104,104,1.118279569892473,206,113,113,1.2150537634408602,185,92,92,0.989247311827957
69,213,144,144,2.0869565217391304,217,148,148,2.1449275362318843,160,91,91,1.318840579710145,163,94,94,1.3623188405797102
58,126,68,68,1.1724137931034482,155,97,97,1.6724137931034482,107,49,49,0.8448275862068966,119,61,61,1.0517241379310345
87,144,57,57,0.6551724137931034,127,40,40,0.45977011494252873,120,33,33,0.3793103448275862,104,17,17,0.19540229885057472
91,184,93,93,1.021978021978022,192,101,101,1.10989010989011,153,62,62,0.6813186813186813,156,65,65,0.7142857142857143
47,118,71,71,1.5106382978723405,124,77,77,1.6382978723404256,121,74,74,1.574468085106383,113,66,66,1.4042553191489362
89,181,92,92,1.0337078651685394,176,87,87,0.9775280898876404,177,88,88,0.9887640449438202,165,76,76,0.8539325842696629
60,99,39,39,0.65,113,53,53,0.8833333333333333,93,33,33,0.55,117,57,57,0.95
62,212,150,150,2.4193548387096775,198,136,136,2.193548387096774,208,146,146,2.3548387096774195,184,122,122,1.967741935483871
64,222,158,158,2.46875,197,133,133,2.078125,227,163,163,2.546875,195,131,131,2.046875
84,222,138,138,1.6428571428571428,238,154,154,1.8333333333333333,244,160,160,1.9047619047619047,229,145,145,1.7261904761904763
90,247,157,157,1.7444444444444445,229,139,139,1.5444444444444445,273,183,183,2.033333333333333,189,99,99,1.1
85,205,120,120,1.411764705882353,186,101,101,1.188235294117647,139,54,54,0.6352941176470588,170,85,85,1.0
63,218,155,155,2.4603174603174605,159,96,96,1.5238095238095237,141,78,78,1.2380952380952381,136,73,73,1.1587301587301588
78,182,104,104,1.3333333333333333,176,98,98,1.2564102564102564,242,164,164,2.1025641025641026,185,107,107,1.3717948717948718
71,213,142,142,2.0,165,94,94,1.323943661971831,166,95,95,1.3380281690140845,180,109,109,1.5352112676056338
83,235,152,152,1.8313253012048192,195,112,112,1.3493975903614457,219,136,136,1.6385542168674698,199,116,116,1.3975903614457832
75,251,176,176,2.3466666666666667,183,108,108,1.44,161,86,86,1.1466666666666667,156,81,81,1.08
55,171,116,116,2.109090909090909,143,88,88,1.6,169,114,114,2.0727272727272728,132,77,77,1.4
86,174,88,88,1.0232558139534884,212,126,126,1.4651162790697674,210,124,124,1.441860465116279,219,133,133,1.5465116279069768
51,158,107,107,2.0980392156862746,156,105,105,2.0588235294117645,136,85,85,1.6666666666666667,101,50,50,0.9803921568627451
99,313,214,214,2.1616161616161618,268,169,169,1.707070707070707,244,145,145,1.4646464646464648,222,123,123,1.2424242424242424
55,136,81,81,1.4727272727272727,133,78,78,1.4181818181818182,120,65,65,1.1818181818181819,123,68,68,1.2363636363636363
57,140,83,83,1.456140350877193,102,45,45,0.7894736842105263,113,56,56,0.9824561403508771,124,67,67,1.1754385964912282
67,153,86,86,1.2835820895522387,149,82,82,1.2238805970149254,147,80,80,1.1940298507462686,177,110,110,1.6417910447761195
85,220,135,135,1.588235294117647,237,152,152,1.7882352941176471,158,73,73,0.8588235294117647,181,96,96,1.1294117647058823
22,74,52,52,2.3636363636363638,74,52,52,2.3636363636363638,59,37,37,1.6818181818181819,66,44,44,2.0
66,197,131,131,1.9848484848484849,151,85,85,1.2878787878787878,157,91,91,1.378787878787879,148,82,82,1.2424242424242424
50,176,126,126,2.52,145,95,95,1.9,159,109,109,2.18,149,99,99,1.98
105,306,201,201,1.9142857142857144,281,176,176,1.6761904761904762,287,182,182,1.7333333333333334,255,150,150,1.4285714285714286
94,266,172,172,1.8297872340425532,230,136,136,1.446808510638298,246,152,152,1.6170212765957446,226,132,132,1.4042553191489362
89,223,134,134,1.5056179775280898,210,121,121,1.3595505617977528,204,115,115,1.2921348314606742,192,103,103,1.1573033707865168
67,166,99,99,1.4776119402985075,152,85,85,1.2686567164179106,145,78,78,1.164179104477612,141,74,74,1.1044776119402986
80,148,68,68,0.85,181,101,101,1.2625,150,70,70,0.875,165,85,85,1.0625
95,260,165,165,1.736842105263158,196,101,101,1.063157894736842,200,105,105,1.105263157894737,203,108,108,1.1368421052631579
66,163,97,97,1.4696969696969697,175,109,109,1.6515151515151516,171,105,105,1.5909090909090908,160,94,94,1.4242424242424243
53,150,97,97,1.830188679245283,166,113,113,2.1320754716981134,145,92,92,1.7358490566037736,143,90,90,1.6981132075471699
73,154,81,81,1.1095890410958904,153,80,80,1.095890410958904,153,80,80,1.095890410958904,140,67,67,0.9178082191780822
50,138,88,88,1.76,130,80,80,1.6,139,89,89,1.78,104,54,54,1.08
47,144,97,97,2.0638297872340425,121,74,74,1.574468085106383,111,64,64,1.3617021276595744,114,67,67,1.425531914893617
64,141,77,77,1.203125,157,93,93,1.453125,149,85,85,1.328125,146,82,82,1.28125
57,158,101,101,1.7719298245614035,145,88,88,1.543859649122807,147,90,90,1.5789473684210527,123,66,66,1.1578947368421053
66,78,12,12,0.18181818181818182,153,87,87,1.3181818181818181,150,84,84,1.2727272727272727,134,68,68,1.0303030303030303
50,166,116,116,2.32,134,84,84,1.68,154,104,104,2.08,124,74,74,1.48
42,127,85,85,2.0238095238095237,121,79,79,1.880952380952381,120,78,78,1.8571428571428572,103,61,61,1.4523809523809523
62,190,128,128,2.064516129032258,137,75,75,1.2096774193548387,123,61,61,0.9838709677419355,138,76,76,1.2258064516129032
62,122,60,60,0.967741935483871,99,37,37,0.5967741935483871,113,51,51,0.8225806451612904,131,69,69,1.1129032258064515
56,106,50,50,0.8928571428571429,112,56,56,1.0,104,48,48,0.8571428571428571,113,57,57,1.0178571428571428
54,161,107,107,1.9814814814814814,141,87,87,1.6111111111111112,163,109,109,2.0185185185185186,139,85,85,1.5740740740740742
89,261,172,172,1.9325842696629214,238,149,149,1.6741573033707866,261,172,172,1.9325842696629214,219,130,130,1.4606741573033708
71,166,95,95,1.3380281690140845,177,106,106,1.4929577464788732,165,94,94,1.323943661971831,163,92,92,1.295774647887324
79,242,163,163,2.0632911392405062,194,115,115,1.4556962025316456,175,96,96,1.2151898734177216,183,104,104,1.3164556962025316
66,187,121,121,1.8333333333333333,176,110,110,1.6666666666666667,195,129,129,1.9545454545454546,179,113,113,1.7121212121212122
41,112,71,71,1.7317073170731707,148,107,107,2.6097560975609757,147,106,106,2.5853658536585367,137,96,96,2.341463414634146
40,110,70,70,1.75,89,49,49,1.225,91,51,51,1.275,91,51,51,1.275
106,218,112,112,1.0566037735849056,261,155,155,1.4622641509433962,221,115,115,1.0849056603773586,203,97,97,0.9150943396226415
68,140,72,72,1.0588235294117647,136,68,68,1.0,138,70,70,1.0294117647058822,128,60,60,0.8823529411764706
47,108,61,61,1.297872340425532,102,55,55,1.1702127659574468,101,54,54,1.148936170212766,100,53,53,1.127659574468085
83,224,141,141,1.6987951807228916,206,123,123,1.4819277108433735,198,115,115,1.3855421686746987,188,105,105,1.2650602409638554
76,163,87,87,1.144736842105263,212,136,136,1.7894736842105263,179,103,103,1.355263157894737,183,107,107,1.4078947368421053
68,184,116,116,1.7058823529411764,184,116,116,1.7058823529411764,180,112,112,1.6470588235294117,175,107,107,1.5735294117647058
86,178,92,92,1.069767441860465,194,108,108,1.255813953488372,196,110,110,1.2790697674418605,184,98,98,1.1395348837209303
50,114,64,64,1.28,106,56,56,1.12,125,75,75,1.5,141,91,91,1.82
85,191,106,106,1.2470588235294118,165,80,80,0.9411764705882353,197,112,112,1.3176470588235294,181,96,96,1.1294117647058823
95,171,76,76,0.8,184,89,89,0.9368421052631579,228,133,133,1.4,185,90,90,0.9473684210526315
52,125,73,73,1.4038461538461537,120,68,68,1.3076923076923077,113,61,61,1.1730769230769231,127,75,75,1.4423076923076923
108,223,115,115,1.0648148148148149,173,65,65,0.6018518518518519,239,131,131,1.212962962962963,216,108,108,1.0
73,197,124,124,1.6986301369863013,186,113,113,1.547945205479452,204,131,131,1.7945205479452055,180,107,107,1.4657534246575343
113,299,186,186,1.6460176991150441,282,169,169,1.4955752212389382,270,157,157,1.3893805309734513,254,141,141,1.247787610619469
102,306,204,204,2.0,272,170,170,1.6666666666666667,293,191,191,1.8725490196078431,265,163,163,1.5980392156862746
101,260,159,159,1.5742574257425743,252,151,151,1.495049504950495,253,152,152,1.504950495049505,231,130,130,1.2871287128712872
81,230,149,149,1.8395061728395061,219,138,138,1.7037037037037037,250,169,169,2.0864197530864197,226,145,145,1.7901234567901234
79,194,115,115,1.4556962025316456,197,118,118,1.4936708860759493,153,74,74,0.9367088607594937,149,70,70,0.8860759493670886
72,152,80,80,1.1111111111111112,142,70,70,0.9722222222222222,134,62,62,0.8611111111111112,167,95,95,1.3194444444444444
86,242,156,156,1.813953488372093,194,108,108,1.255813953488372,213,127,127,1.4767441860465116,206,120,120,1.3953488372093024
84,241,157,157,1.869047619047619,195,111,111,1.3214285714285714,263,179,179,2.130952380952381,229,145,145,1.7261904761904763
65,151,86,86,1.323076923076923,122,57,57,0.8769230769230769,142,77,77,1.1846153846153846,162,97,97,1.4923076923076923
50,100,50,50,1.0,125,75,75,1.5,115,65,65,1.3,105,55,55,1.1
67,212,145,145,2.1641791044776117,174,107,107,1.5970149253731343,185,118,118,1.7611940298507462,163,96,96,1.4328358208955223
66,128,62,62,0.9393939393939394,111,45,45,0.6818181818181818,125,59,59,0.8939393939393939,118,52,52,0.7878787878787878
95,186,91,91,0.9578947368421052,187,92,92,0.968421052631579,184,89,89,0.9368421052631579,168,73,73,0.7684210526315789
92,187,95,95,1.0326086956521738,218,126,126,1.3695652173913044,245,153,153,1.6630434782608696,197,105,105,1.141304347826087
89,196,107,107,1.202247191011236,206,117,117,1.3146067415730338,217,128,128,1.4382022471910112,213,124,124,1.3932584269662922
82,216,134,134,1.6341463414634145,215,133,133,1.6219512195121952,202,120,120,1.4634146341463414,205,123,123,1.5
51,161,110,110,2.156862745098039,158,107,107,2.0980392156862746,178,127,127,2.4901960784313726,152,101,101,1.9803921568627452
109,295,186,186,1.7064220183486238,272,163,163,1.4954128440366972,304,195,195,1.7889908256880733,270,161,161,1.4770642201834863
62,132,70,70,1.1290322580645162,153,91,91,1.467741935483871,169,107,107,1.7258064516129032,157,95,95,1.532258064516129
95,260,165,165,1.736842105263158,260,165,165,1.736842105263158,285,190,190,2.0,245,150,150,1.5789473684210527
102,265,163,163,1.5980392156862746,300,198,198,1.9411764705882353,347,245,245,2.4019607843137254,308,206,206,2.019607843137255
98,176,78,78,0.7959183673469388,182,84,84,0.8571428571428571,191,93,93,0.9489795918367347,165,67,67,0.6836734693877551
47,127,80,80,1.702127659574468,108,61,61,1.297872340425532,99,52,52,1.1063829787234043,99,52,52,1.1063829787234043
93,164,71,71,0.7634408602150538,187,94,94,1.010752688172043,181,88,88,0.946236559139785,176,83,83,0.8924731182795699
61,186,125,125,2.0491803278688523,130,69,69,1.1311475409836065,122,61,61,1.0,132,71,71,1.1639344262295082
14,56,42,42,3.0,48,34,34,2.4285714285714284,51,37,37,2.642857142857143,40,26,26,1.8571428571428572
61,150,89,89,1.459016393442623,123,62,62,1.0163934426229508,115,54,54,0.8852459016393442,125,64,64,1.0491803278688525
54,133,79,79,1.462962962962963,121,67,67,1.2407407407407407,140,86,86,1.5925925925925926,127,73,73,1.3518518518518519
57,157,100,100,1.7543859649122806,129,72,72,1.263157894736842,157,100,100,1.7543859649122806,142,85,85,1.4912280701754386
94,249,155,155,1.648936170212766,251,157,157,1.6702127659574468,240,146,146,1.553191489361702,201,107,107,1.1382978723404256
63,162,99,99,1.5714285714285714,150,87,87,1.380952380952381,153,90,90,1.4285714285714286,145,82,82,1.3015873015873016
89,278,189,189,2.1235955056179776,201,112,112,1.2584269662921348,214,125,125,1.404494382022472,210,121,121,1.3595505617977528
81,224,143,143,1.7654320987654322,210,129,129,1.5925925925925926,208,127,127,1.5679012345679013,224,143,143,1.7654320987654322
80,229,149,149,1.8625,180,100,100,1.25,181,101,101,1.2625,166,86,86,1.075
68,186,118,118,1.7352941176470589,134,66,66,0.9705882352941176,136,68,68,1.0,134,66,66,0.9705882352941176
62,124,62,62,1.0,163,101,101,1.6290322580645162,158,96,96,1.5483870967741935,152,90,90,1.4516129032258065
80,224,144,144,1.8,185,105,105,1.3125,168,88,88,1.1,197,117,117,1.4625
63,165,102,102,1.619047619047619,123,60,60,0.9523809523809523,114,51,51,0.8095238095238095,138,75,75,1.1904761904761905
98,193,95,95,0.9693877551020408,190,92,92,0.9387755102040817,201,103,103,1.0510204081632653,188,90,90,0.9183673469387755
63,118,55,55,0.873015873015873,135,72,72,1.1428571428571428,150,87,87,1.380952380952381,132,69,69,1.0952380952380953
67,125,58,58,0.8656716417910447,131,64,64,0.9552238805970149,151,84,84,1.2537313432835822,96,29,29,0.43283582089552236
86,209,123,123,1.430232558139535,270,184,184,2.13953488372093,206,120,120,1.3953488372093024,189,103,103,1.197674418604651
110,275,165,165,1.5,249,139,139,1.2636363636363637,256,146,146,1.3272727272727274,236,126,126,1.1454545454545455
107,324,217,217,2.02803738317757,283,176,176,1.644859813084112,234,127,127,1.1869158878504673,221,114,114,1.0654205607476634
97,248,151,151,1.556701030927835,228,131,131,1.3505154639175259,225,128,128,1.3195876288659794,218,121,121,1.2474226804123711
21,35,14,14,0.6666666666666666,20,-1,1,0.047619047619047616,34,13,13,0.6190476190476191,34,13,13,0.6190476190476191
51,123,72,72,1.411764705882353,93,42,42,0.8235294117647058,97,46,46,0.9019607843137255,113,62,62,1.2156862745098038
66,79,13,13,0.19696969696969696,124,58,58,0.8787878787878788,122,56,56,0.8484848484848485,99,33,33,0.5
33,89,56,56,1.696969696969697,83,50,50,1.5151515151515151,82,49,49,1.4848484848484849,89,56,56,1.696969696969697
68,137,69,69,1.0147058823529411,128,60,60,0.8823529411764706,104,36,36,0.5294117647058824,128,60,60,0.8823529411764706
48,105,57,57,1.1875,90,42,42,0.875,96,48,48,1.0,84,36,36,0.75
62,183,121,121,1.9516129032258065,164,102,102,1.6451612903225807,146,84,84,1.3548387096774193,146,84,84,1.3548387096774193
47,121,74,74,1.574468085106383,122,75,75,1.5957446808510638,126,79,79,1.6808510638297873,123,76,76,1.6170212765957446
67,130,63,63,0.9402985074626866,103,36,36,0.5373134328358209,115,48,48,0.7164179104477612,105,38,38,0.5671641791044776
51,107,56,56,1.0980392156862746,79,28,28,0.5490196078431373,73,22,22,0.43137254901960786,73,22,22,0.43137254901960786
55,144,89,89,1.6181818181818182,104,49,49,0.8909090909090909,102,47,47,0.8545454545454545,126,71,71,1.290909090909091
60,157,97,97,1.6166666666666667,135,75,75,1.25,146,86,86,1.4333333333333333,144,84,84,1.4
66,153,87,87,1.3181818181818181,139,73,73,1.106060606060606,151,85,85,1.2878787878787878,147,81,81,1.2272727272727273
51,104,53,53,1.0392156862745099,122,71,71,1.392156862745098,123,72,72,1.411764705882353,118,67,67,1.3137254901960784
47,167,120,120,2.5531914893617023,143,96,96,2.0425531914893615,139,92,92,1.9574468085106382,114,67,67,1.425531914893617
49,109,60,60,1.2244897959183674,117,68,68,1.3877551020408163,114,65,65,1.3265306122448979,110,61,61,1.2448979591836735
86,217,131,131,1.5232558139534884,179,93,93,1.0813953488372092,190,104,104,1.2093023255813953,206,120,120,1.3953488372093024
74,244,170,170,2.2972972972972974,173,99,99,1.337837837837838,217,143,143,1.9324324324324325,163,89,89,1.2027027027027026
19,79,60,60,3.1578947368421053,74,55,55,2.8947368421052633,72,53,53,2.789473684210526,50,31,31,1.631578947368421
65,175,110,110,1.6923076923076923,130,65,65,1.0,165,100,100,1.5384615384615385,162,97,97,1.4923076923076923
44,137,93,93,2.1136363636363638,134,90,90,2.0454545454545454,108,64,64,1.4545454545454546,97,53,53,1.2045454545454546
59,206,147,147,2.4915254237288136,172,113,113,1.9152542372881356,168,109,109,1.847457627118644,151,92,92,1.5593220338983051
87,194,107,107,1.2298850574712643,197,110,110,1.264367816091954,192,105,105,1.206896551724138,156,69,69,0.7931034482758621
72,203,131,131,1.8194444444444444,142,70,70,0.9722222222222222,124,52,52,0.7222222222222222,113,41,41,0.5694444444444444
49,152,103,103,2.1020408163265305,122,73,73,1.489795918367347,124,75,75,1.530612244897959,118,69,69,1.4081632653061225
91,292,201,201,2.208791208791209,326,235,235,2.5824175824175826,303,212,212,2.32967032967033,263,172,172,1.89010989010989
53,194,141,141,2.660377358490566,161,108,108,2.0377358490566038,183,130,130,2.452830188679245,119,66,66,1.2452830188679245
55,179,124,124,2.2545454545454544,178,123,123,2.2363636363636363,161,106,106,1.9272727272727272,160,105,105,1.9090909090909092
48,133,85,85,1.7708333333333333,171,123,123,2.5625,162,114,114,2.375,174,126,126,2.625
47,140,93,93,1.9787234042553192,120,73,73,1.553191489361702,117,70,70,1.4893617021276595,126,79,79,1.6808510638297873
51,188,137,137,2.6862745098039214,165,114,114,2.235294117647059,170,119,119,2.3333333333333335,140,89,89,1.7450980392156863
67,185,118,118,1.7611940298507462,186,119,119,1.7761194029850746,189,122,122,1.8208955223880596,161,94,94,1.4029850746268657
62,182,120,120,1.935483870967742,169,107,107,1.7258064516129032,176,114,114,1.8387096774193548,163,101,101,1.6290322580645162
89,304,215,215,2.4157303370786516,308,219,219,2.460674157303371,257,168,168,1.8876404494382022,248,159,159,1.7865168539325842
76,218,142,142,1.868421052631579,235,159,159,2.0921052631578947,230,154,154,2.026315789473684,214,138,138,1.8157894736842106
68,161,93,93,1.3676470588235294,174,106,106,1.5588235294117647,176,108,108,1.588235294117647,185,117,117,1.7205882352941178
72,194,122,122,1.6944444444444444,188,116,116,1.6111111111111112,193,121,121,1.6805555555555556,201,129,129,1.7916666666666667
87,276,189,189,2.1724137931034484,272,185,185,2.1264367816091956,271,184,184,2.1149425287356323,262,175,175,2.0114942528735633
103,294,191,191,1.854368932038835,299,196,196,1.9029126213592233,288,185,185,1.796116504854369,254,151,151,1.4660194174757282
85,226,141,141,1.6588235294117648,231,146,146,1.7176470588235293,209,124,124,1.4588235294117646,228,143,143,1.6823529411764706
60,166,106,106,1.7666666666666666,146,86,86,1.4333333333333333,139,79,79,1.3166666666666667,131,71,71,1.1833333333333333
81,230,149,149,1.8395061728395061,204,123,123,1.5185185185185186,252,171,171,2.111111111111111,187,106,106,1.308641975308642
83,263,180,180,2.1686746987951806,222,139,139,1.6746987951807228,196,113,113,1.3614457831325302,209,126,126,1.5180722891566265
99,242,143,143,1.4444444444444444,248,149,149,1.505050505050505,254,155,155,1.5656565656565657,223,124,124,1.2525252525252526
88,154,66,66,0.75,288,200,200,2.272727272727273,241,153,153,1.7386363636363635,226,138,138,1.5681818181818181
103,292,189,189,1.8349514563106797,226,123,123,1.1941747572815533,221,118,118,1.145631067961165,229,126,126,1.2233009708737863
54,129,75,75,1.3888888888888888,150,96,96,1.7777777777777777,128,74,74,1.3703703703703705,146,92,92,1.7037037037037037
46,134,88,88,1.9130434782608696,116,70,70,1.5217391304347827,129,83,83,1.8043478260869565,86,40,40,0.8695652173913043
79,131,52,52,0.6582278481012658,141,62,62,0.7848101265822784,163,84,84,1.0632911392405062,158,79,79,1.0
61,126,65,65,1.0655737704918034,125,64,64,1.0491803278688525,141,80,80,1.3114754098360655,123,62,62,1.0163934426229508
74,205,131,131,1.7702702702702702,211,137,137,1.8513513513513513,208,134,134,1.8108108108108107,196,122,122,1.6486486486486487
65,157,92,92,1.4153846153846155,141,76,76,1.1692307692307693,182,117,117,1.8,166,101,101,1.5538461538461539
47,88,41,41,0.8723404255319149,88,41,41,0.8723404255319149,85,38,38,0.8085106382978723,101,54,54,1.148936170212766
65,152,87,87,1.3384615384615384,143,78,78,1.2,143,78,78,1.2,118,53,53,0.8153846153846154
84,174,90,90,1.0714285714285714,213,129,129,1.5357142857142858,178,94,94,1.119047619047619,181,97,97,1.1547619047619047
71,200,129,129,1.8169014084507042,192,121,121,1.704225352112676,167,96,96,1.352112676056338,196,125,125,1.7605633802816902
50,118,68,68,1.36,112,62,62,1.24,107,57,57,1.14,102,52,52,1.04
69,178,109,109,1.5797101449275361,215,146,146,2.1159420289855073,200,131,131,1.8985507246376812,175,106,106,1.536231884057971
77,178,101,101,1.3116883116883118,177,100,100,1.2987012987012987,187,110,110,1.4285714285714286,132,55,55,0.7142857142857143
71,184,113,113,1.591549295774648,179,108,108,1.5211267605633803,158,87,87,1.2253521126760563,140,69,69,0.971830985915493
53,162,109,109,2.056603773584906,183,130,130,2.452830188679245,170,117,117,2.207547169811321,159,106,106,2.0
81,184,103,103,1.271604938271605,154,73,73,0.9012345679012346,168,87,87,1.0740740740740742,139,58,58,0.7160493827160493
94,238,144,144,1.5319148936170213,225,131,131,1.3936170212765957,214,120,120,1.2765957446808511,207,113,113,1.202127659574468
85,272,187,187,2.2,288,203,203,2.388235294117647,282,197,197,2.3176470588235296,258,173,173,2.0352941176470587
101,285,184,184,1.8217821782178218,229,128,128,1.2673267326732673,231,130,130,1.2871287128712872,233,132,132,1.306930693069307
49,140,91,91,1.8571428571428572,180,131,131,2.673469387755102,135,86,86,1.7551020408163265,144,95,95,1.9387755102040816
64,121,57,57,0.890625,200,136,136,2.125,205,141,141,2.203125,162,98,98,1.53125
64,216,152,152,2.375,178,114,114,1.78125,185,121,121,1.890625,164,100,100,1.5625
75,249,174,174,2.32,225,150,150,2.0,246,171,171,2.28,221,146,146,1.9466666666666668
48,95,47,47,0.9791666666666666,138,90,90,1.875,152,104,104,2.1666666666666665,128,80,80,1.6666666666666667
71,237,166,166,2.3380281690140845,202,131,131,1.8450704225352113,247,176,176,2.4788732394366195,194,123,123,1.732394366197183
75,279,204,204,2.72,267,192,192,2.56,263,188,188,2.506666666666667,249,174,174,2.32
59,156,97,97,1.6440677966101696,168,109,109,1.847457627118644,259,200,200,3.389830508474576,166,107,107,1.8135593220338984
99,245,146,146,1.4747474747474747,224,125,125,1.2626262626262625,232,133,133,1.3434343434343434,236,137,137,1.3838383838383839
90,342,252,252,2.8,295,205,205,2.2777777777777777,313,223,223,2.477777777777778,252,162,162,1.8
46,79,33,33,0.717391304347826,85,39,39,0.8478260869565217,112,66,66,1.434782608695652,97,51,51,1.108695652173913
82,302,220,220,2.682926829268293,259,177,177,2.158536585365854,274,192,192,2.341463414634146,232,150,150,1.829268292682927
50,121,71,71,1.42,142,92,92,1.84,123,73,73,1.46,117,67,67,1.34
53,151,98,98,1.849056603773585,160,107,107,2.018867924528302,107,54,54,1.0188679245283019,118,65,65,1.2264150943396226
92,200,108,108,1.173913043478261,199,107,107,1.1630434782608696,198,106,106,1.1521739130434783,183,91,91,0.9891304347826086
66,138,72,72,1.0909090909090908,130,64,64,0.9696969696969697,125,59,59,0.8939393939393939,130,64,64,0.9696969696969697
93,190,97,97,1.043010752688172,179,86,86,0.9247311827956989,164,71,71,0.7634408602150538,179,86,86,0.9247311827956989
78,163,85,85,1.0897435897435896,193,115,115,1.4743589743589745,146,68,68,0.8717948717948718,140,62,62,0.7948717948717948
92,188,96,96,1.0434782608695652,167,75,75,0.8152173913043478,146,54,54,0.5869565217391305,141,49,49,0.532608695652174
51,96,45,45,0.8823529411764706,84,33,33,0.6470588235294118,84,33,33,0.6470588235294118,84,33,33,0.6470588235294118
66,112,46,46,0.696969696969697,110,44,44,0.6666666666666666,92,26,26,0.3939393939393939,89,23,23,0.3484848484848485
75,182,107,107,1.4266666666666667,152,77,77,1.0266666666666666,159,84,84,1.12,158,83,83,1.1066666666666667
68,115,47,47,0.6911764705882353,139,71,71,1.0441176470588236,119,51,51,0.75,132,64,64,0.9411764705882353
61,104,43,43,0.7049180327868853,165,104,104,1.7049180327868851,132,71,71,1.1639344262295082,126,65,65,1.0655737704918034
76,136,60,60,0.7894736842105263,151,75,75,0.9868421052631579,135,59,59,0.7763157894736842,134,58,58,0.7631578947368421
51,118,67,67,1.3137254901960784,96,45,45,0.8823529411764706,113,62,62,1.2156862745098038,119,68,68,1.3333333333333333
83,204,121,121,1.4578313253012047,179,96,96,1.1566265060240963,176,93,93,1.1204819277108433,182,99,99,1.1927710843373494
106,222,116,116,1.0943396226415094,243,137,137,1.2924528301886793,205,99,99,0.9339622641509434,226,120,120,1.1320754716981132
80,139,59,59,0.7375,139,59,59,0.7375,151,71,71,0.8875,145,65,65,0.8125
49,90,41,41,0.8367346938775511,76,27,27,0.5510204081632653,77,28,28,0.5714285714285714,78,29,29,0.5918367346938775
45,136,91,91,2.022222222222222,100,55,55,1.2222222222222223,104,59,59,1.3111111111111111,101,56,56,1.2444444444444445
53,94,41,41,0.7735849056603774,86,33,33,0.6226415094339622,82,29,29,0.5471698113207547,84,31,31,0.5849056603773585
106,245,139,139,1.3113207547169812,198,92,92,0.8679245283018868,202,96,96,0.9056603773584906,243,137,137,1.2924528301886793
73,167,94,94,1.2876712328767124,142,69,69,0.9452054794520548,110,37,37,0.5068493150684932,114,41,41,0.5616438356164384
82,115,33,33,0.4024390243902439,156,74,74,0.9024390243902439,144,62,62,0.7560975609756098,122,40,40,0.4878048780487805
49,135,86,86,1.7551020408163265,144,95,95,1.9387755102040816,118,69,69,1.4081632653061225,123,74,74,1.510204081632653
73,173,100,100,1.36986301369863,226,153,153,2.095890410958904,233,160,160,2.191780821917808,195,122,122,1.6712328767123288
85,212,127,127,1.4941176470588236,229,144,144,1.6941176470588235,200,115,115,1.3529411764705883,204,119,119,1.4
55,153,98,98,1.7818181818181817,115,60,60,1.0909090909090908,140,85,85,1.5454545454545454,139,84,84,1.5272727272727273
109,301,192,192,1.761467889908257,285,176,176,1.614678899082569,291,182,182,1.6697247706422018,268,159,159,1.4587155963302751
45,120,75,75,1.6666666666666667,110,65,65,1.4444444444444444,128,83,83,1.8444444444444446,102,57,57,1.2666666666666666
41,102,61,61,1.4878048780487805,91,50,50,1.2195121951219512,100,59,59,1.4390243902439024,89,48,48,1.170731707317073
56,198,142,142,2.5357142857142856,187,131,131,2.3392857142857144,148,92,92,1.6428571428571428,145,89,89,1.5892857142857142
56,183,127,127,2.267857142857143,139,83,83,1.4821428571428572,200,144,144,2.5714285714285716,147,91,91,1.625
25,105,80,80,3.2,78,53,53,2.12,83,58,58,2.32,80,55,55,2.2
80,239,159,159,1.9875,206,126,126,1.575,244,164,164,2.05,217,137,137,1.7125
84,203,119,119,1.4166666666666667,180,96,96,1.1428571428571428,184,100,100,1.1904761904761905,163,79,79,0.9404761904761905
87,217,130,130,1.4942528735632183,174,87,87,1.0,198,111,111,1.2758620689655173,184,97,97,1.1149425287356323
52,126,74,74,1.4230769230769231,105,53,53,1.0192307692307692,121,69,69,1.3269230769230769,89,37,37,0.7115384615384616
100,305,205,205,2.05,238,138,138,1.38,252,152,152,1.52,227,127,127,1.27
100,327,227,227,2.27,322,222,222,2.22,286,186,186,1.86,275,175,175,1.75
103,297,194,194,1.883495145631068,254,151,151,1.4660194174757282,257,154,154,1.4951456310679612,258,155,155,1.5048543689320388
48,143,95,95,1.9791666666666667,124,76,76,1.5833333333333333,130,82,82,1.7083333333333333,99,51,51,1.0625
57,149,92,92,1.6140350877192982,189,132,132,2.3157894736842106,178,121,121,2.1228070175438596,152,95,95,1.6666666666666667
88,235,147,147,1.6704545454545454,215,127,127,1.4431818181818181,212,124,124,1.4090909090909092,201,113,113,1.2840909090909092
