len_src,        len_ht,diff_ht,absdiff_ht,nabsdiff_ht,        len_pemt,diff_pemt,absdiff_pemt,nabsdiff_pemt,        len_nmt1,diff_nmt1,absdiff_nmt1,nabsdiff_nmt1,        len_nmt2,diff_nmt2,absdiff_nmt2,nabsdiff_nmt2        
26,50,24,24,0.9230769230769231,65,39,39,1.5,60,34,34,1.3076923076923077,64,38,38,1.4615384615384615
55,113,58,58,1.0545454545454545,117,62,62,1.1272727272727272,122,67,67,1.2181818181818183,113,58,58,1.0545454545454545
59,158,99,99,1.6779661016949152,144,85,85,1.4406779661016949,133,74,74,1.2542372881355932,129,70,70,1.1864406779661016
75,212,137,137,1.8266666666666667,182,107,107,1.4266666666666667,179,104,104,1.3866666666666667,150,75,75,1.0
44,98,54,54,1.2272727272727273,90,46,46,1.0454545454545454,99,55,55,1.25,108,64,64,1.4545454545454546
142,251,109,109,0.7676056338028169,225,83,83,0.5845070422535211,247,105,105,0.7394366197183099,216,74,74,0.5211267605633803
65,107,42,42,0.6461538461538462,99,34,34,0.5230769230769231,95,30,30,0.46153846153846156,95,30,30,0.46153846153846156
67,70,3,3,0.04477611940298507,112,45,45,0.6716417910447762,119,52,52,0.7761194029850746,94,27,27,0.40298507462686567
56,104,48,48,0.8571428571428571,89,33,33,0.5892857142857143,94,38,38,0.6785714285714286,98,42,42,0.75
60,111,51,51,0.85,110,50,50,0.8333333333333334,109,49,49,0.8166666666666667,122,62,62,1.0333333333333334
63,80,17,17,0.2698412698412698,71,8,8,0.12698412698412698,90,27,27,0.42857142857142855,86,23,23,0.36507936507936506
47,93,46,46,0.9787234042553191,84,37,37,0.7872340425531915,82,35,35,0.7446808510638298,78,31,31,0.6595744680851063
28,32,4,4,0.14285714285714285,40,12,12,0.42857142857142855,39,11,11,0.39285714285714285,38,10,10,0.35714285714285715
43,62,19,19,0.4418604651162791,63,20,20,0.46511627906976744,62,19,19,0.4418604651162791,59,16,16,0.37209302325581395
17,45,28,28,1.6470588235294117,43,26,26,1.5294117647058822,48,31,31,1.8235294117647058,42,25,25,1.4705882352941178
22,50,28,28,1.2727272727272727,35,13,13,0.5909090909090909,34,12,12,0.5454545454545454,23,1,1,0.045454545454545456
86,148,62,62,0.7209302325581395,178,92,92,1.069767441860465,121,35,35,0.4069767441860465,101,15,15,0.1744186046511628
41,81,40,40,0.975609756097561,100,59,59,1.4390243902439024,88,47,47,1.146341463414634,79,38,38,0.926829268292683
23,53,30,30,1.3043478260869565,51,28,28,1.2173913043478262,54,31,31,1.3478260869565217,50,27,27,1.173913043478261
45,135,90,90,2.0,136,91,91,2.022222222222222,133,88,88,1.9555555555555555,115,70,70,1.5555555555555556
58,162,104,104,1.793103448275862,135,77,77,1.3275862068965518,151,93,93,1.603448275862069,155,97,97,1.6724137931034482
36,112,76,76,2.111111111111111,97,61,61,1.6944444444444444,91,55,55,1.5277777777777777,99,63,63,1.75
49,142,93,93,1.8979591836734695,138,89,89,1.816326530612245,114,65,65,1.3265306122448979,116,67,67,1.3673469387755102
31,63,32,32,1.032258064516129,70,39,39,1.2580645161290323,87,56,56,1.8064516129032258,82,51,51,1.6451612903225807
102,270,168,168,1.6470588235294117,220,118,118,1.1568627450980393,192,90,90,0.8823529411764706,193,91,91,0.8921568627450981
82,211,129,129,1.5731707317073171,212,130,130,1.5853658536585367,207,125,125,1.524390243902439,209,127,127,1.548780487804878
106,247,141,141,1.330188679245283,272,166,166,1.5660377358490567,275,169,169,1.5943396226415094,308,202,202,1.9056603773584906
67,178,111,111,1.6567164179104477,140,73,73,1.0895522388059702,126,59,59,0.8805970149253731,184,117,117,1.7462686567164178
81,182,101,101,1.2469135802469136,178,97,97,1.1975308641975309,193,112,112,1.382716049382716,183,102,102,1.2592592592592593
86,188,102,102,1.186046511627907,153,67,67,0.7790697674418605,182,96,96,1.1162790697674418,174,88,88,1.0232558139534884
57,124,67,67,1.1754385964912282,119,62,62,1.087719298245614,121,64,64,1.1228070175438596,123,66,66,1.1578947368421053
25,45,20,20,0.8,43,18,18,0.72,38,13,13,0.52,44,19,19,0.76
18,33,15,15,0.8333333333333334,24,6,6,0.3333333333333333,26,8,8,0.4444444444444444,26,8,8,0.4444444444444444
66,176,110,110,1.6666666666666667,152,86,86,1.303030303030303,143,77,77,1.1666666666666667,137,71,71,1.0757575757575757
96,193,97,97,1.0104166666666667,179,83,83,0.8645833333333334,185,89,89,0.9270833333333334,196,100,100,1.0416666666666667
17,30,13,13,0.7647058823529411,36,19,19,1.1176470588235294,35,18,18,1.0588235294117647,35,18,18,1.0588235294117647
68,125,57,57,0.8382352941176471,102,34,34,0.5,100,32,32,0.47058823529411764,109,41,41,0.6029411764705882
42,91,49,49,1.1666666666666667,94,52,52,1.2380952380952381,88,46,46,1.0952380952380953,69,27,27,0.6428571428571429
11,25,14,14,1.2727272727272727,19,8,8,0.7272727272727273,17,6,6,0.5454545454545454,17,6,6,0.5454545454545454
57,105,48,48,0.8421052631578947,115,58,58,1.0175438596491229,107,50,50,0.8771929824561403,115,58,58,1.0175438596491229
52,92,40,40,0.7692307692307693,100,48,48,0.9230769230769231,92,40,40,0.7692307692307693,86,34,34,0.6538461538461539
34,76,42,42,1.2352941176470589,54,20,20,0.5882352941176471,63,29,29,0.8529411764705882,55,21,21,0.6176470588235294
39,70,31,31,0.7948717948717948,93,54,54,1.3846153846153846,92,53,53,1.358974358974359,88,49,49,1.2564102564102564
73,164,91,91,1.2465753424657535,153,80,80,1.095890410958904,146,73,73,1.0,152,79,79,1.082191780821918
18,37,19,19,1.0555555555555556,30,12,12,0.6666666666666666,41,23,23,1.2777777777777777,25,7,7,0.3888888888888889
45,83,38,38,0.8444444444444444,88,43,43,0.9555555555555556,97,52,52,1.1555555555555554,98,53,53,1.1777777777777778
27,67,40,40,1.4814814814814814,71,44,44,1.6296296296296295,60,33,33,1.2222222222222223,60,33,33,1.2222222222222223
32,83,51,51,1.59375,76,44,44,1.375,81,49,49,1.53125,59,27,27,0.84375
28,60,32,32,1.1428571428571428,71,43,43,1.5357142857142858,66,38,38,1.3571428571428572,61,33,33,1.1785714285714286
47,89,42,42,0.8936170212765957,118,71,71,1.5106382978723405,103,56,56,1.1914893617021276,94,47,47,1.0
30,75,45,45,1.5,58,28,28,0.9333333333333333,58,28,28,0.9333333333333333,60,30,30,1.0
82,214,132,132,1.6097560975609757,151,69,69,0.8414634146341463,179,97,97,1.1829268292682926,174,92,92,1.1219512195121952
18,37,19,19,1.0555555555555556,28,10,10,0.5555555555555556,38,20,20,1.1111111111111112,38,20,20,1.1111111111111112
38,70,32,32,0.8421052631578947,67,29,29,0.7631578947368421,64,26,26,0.6842105263157895,75,37,37,0.9736842105263158
41,103,62,62,1.5121951219512195,111,70,70,1.7073170731707317,110,69,69,1.6829268292682926,103,62,62,1.5121951219512195
16,27,11,11,0.6875,27,11,11,0.6875,29,13,13,0.8125,27,11,11,0.6875
26,55,29,29,1.1153846153846154,55,29,29,1.1153846153846154,50,24,24,0.9230769230769231,48,22,22,0.8461538461538461
58,118,60,60,1.0344827586206897,128,70,70,1.206896551724138,108,50,50,0.8620689655172413,122,64,64,1.103448275862069
30,51,21,21,0.7,61,31,31,1.0333333333333334,58,28,28,0.9333333333333333,58,28,28,0.9333333333333333
14,34,20,20,1.4285714285714286,30,16,16,1.1428571428571428,36,22,22,1.5714285714285714,32,18,18,1.2857142857142858
67,168,101,101,1.507462686567164,158,91,91,1.3582089552238805,155,88,88,1.3134328358208955,174,107,107,1.5970149253731343
20,52,32,32,1.6,44,24,24,1.2,48,28,28,1.4,36,16,16,0.8
42,101,59,59,1.4047619047619047,112,70,70,1.6666666666666667,104,62,62,1.4761904761904763,86,44,44,1.0476190476190477
21,79,58,58,2.761904761904762,71,50,50,2.380952380952381,71,50,50,2.380952380952381,67,46,46,2.1904761904761907
62,180,118,118,1.903225806451613,165,103,103,1.6612903225806452,151,89,89,1.435483870967742,142,80,80,1.2903225806451613
52,88,36,36,0.6923076923076923,80,28,28,0.5384615384615384,94,42,42,0.8076923076923077,101,49,49,0.9423076923076923
36,58,22,22,0.6111111111111112,58,22,22,0.6111111111111112,57,21,21,0.5833333333333334,53,17,17,0.4722222222222222
36,91,55,55,1.5277777777777777,76,40,40,1.1111111111111112,86,50,50,1.3888888888888888,72,36,36,1.0
90,239,149,149,1.6555555555555554,193,103,103,1.1444444444444444,208,118,118,1.3111111111111111,226,136,136,1.511111111111111
48,147,99,99,2.0625,135,87,87,1.8125,122,74,74,1.5416666666666667,129,81,81,1.6875
51,92,41,41,0.803921568627451,97,46,46,0.9019607843137255,100,49,49,0.9607843137254902,94,43,43,0.8431372549019608
108,223,115,115,1.0648148148148149,224,116,116,1.0740740740740742,212,104,104,0.9629629629629629,194,86,86,0.7962962962962963
33,88,55,55,1.6666666666666667,95,62,62,1.878787878787879,96,63,63,1.9090909090909092,102,69,69,2.090909090909091
68,138,70,70,1.0294117647058822,150,82,82,1.2058823529411764,148,80,80,1.1764705882352942,147,79,79,1.161764705882353
73,149,76,76,1.0410958904109588,154,81,81,1.1095890410958904,140,67,67,0.9178082191780822,153,80,80,1.095890410958904
43,129,86,86,2.0,125,82,82,1.9069767441860466,134,91,91,2.116279069767442,120,77,77,1.7906976744186047
36,122,86,86,2.388888888888889,122,86,86,2.388888888888889,99,63,63,1.75,77,41,41,1.1388888888888888
93,261,168,168,1.8064516129032258,215,122,122,1.3118279569892473,262,169,169,1.8172043010752688,262,169,169,1.8172043010752688
29,74,45,45,1.5517241379310345,73,44,44,1.5172413793103448,70,41,41,1.4137931034482758,70,41,41,1.4137931034482758
45,100,55,55,1.2222222222222223,105,60,60,1.3333333333333333,85,40,40,0.8888888888888888,81,36,36,0.8
33,80,47,47,1.4242424242424243,74,41,41,1.2424242424242424,74,41,41,1.2424242424242424,71,38,38,1.1515151515151516
63,121,58,58,0.9206349206349206,124,61,61,0.9682539682539683,106,43,43,0.6825396825396826,115,52,52,0.8253968253968254
50,146,96,96,1.92,112,62,62,1.24,111,61,61,1.22,105,55,55,1.1
44,104,60,60,1.3636363636363635,93,49,49,1.1136363636363635,88,44,44,1.0,92,48,48,1.0909090909090908
73,183,110,110,1.5068493150684932,131,58,58,0.7945205479452054,152,79,79,1.082191780821918,166,93,93,1.273972602739726
38,101,63,63,1.6578947368421053,69,31,31,0.8157894736842105,81,43,43,1.131578947368421,67,29,29,0.7631578947368421
39,101,62,62,1.5897435897435896,102,63,63,1.6153846153846154,81,42,42,1.0769230769230769,76,37,37,0.9487179487179487
57,143,86,86,1.5087719298245614,140,83,83,1.456140350877193,129,72,72,1.263157894736842,131,74,74,1.2982456140350878
41,109,68,68,1.6585365853658536,97,56,56,1.3658536585365855,122,81,81,1.975609756097561,111,70,70,1.7073170731707317
90,112,22,22,0.24444444444444444,134,44,44,0.4888888888888889,124,34,34,0.37777777777777777,131,41,41,0.45555555555555555
45,82,37,37,0.8222222222222222,90,45,45,1.0,91,46,46,1.0222222222222221,72,27,27,0.6
126,183,57,57,0.4523809523809524,196,70,70,0.5555555555555556,198,72,72,0.5714285714285714,223,97,97,0.7698412698412699
42,81,39,39,0.9285714285714286,73,31,31,0.7380952380952381,81,39,39,0.9285714285714286,81,39,39,0.9285714285714286
51,130,79,79,1.5490196078431373,60,9,9,0.17647058823529413,104,53,53,1.0392156862745099,117,66,66,1.2941176470588236
58,92,34,34,0.5862068965517241,161,103,103,1.7758620689655173,130,72,72,1.2413793103448276,109,51,51,0.8793103448275862
71,215,144,144,2.028169014084507,183,112,112,1.5774647887323943,189,118,118,1.6619718309859155,153,82,82,1.1549295774647887
91,195,104,104,1.1428571428571428,174,83,83,0.9120879120879121,149,58,58,0.6373626373626373,163,72,72,0.7912087912087912
47,124,77,77,1.6382978723404256,104,57,57,1.2127659574468086,101,54,54,1.148936170212766,82,35,35,0.7446808510638298
46,117,71,71,1.5434782608695652,96,50,50,1.0869565217391304,105,59,59,1.2826086956521738,83,37,37,0.8043478260869565
39,84,45,45,1.1538461538461537,59,20,20,0.5128205128205128,60,21,21,0.5384615384615384,58,19,19,0.48717948717948717
48,68,20,20,0.4166666666666667,67,19,19,0.3958333333333333,71,23,23,0.4791666666666667,70,22,22,0.4583333333333333
49,98,49,49,1.0,81,32,32,0.6530612244897959,102,53,53,1.0816326530612246,114,65,65,1.3265306122448979
87,92,5,5,0.05747126436781609,88,1,1,0.011494252873563218,77,-10,10,0.11494252873563218,108,21,21,0.2413793103448276
107,177,70,70,0.6542056074766355,154,47,47,0.4392523364485981,127,20,20,0.18691588785046728,138,31,31,0.2897196261682243
58,99,41,41,0.7068965517241379,122,64,64,1.103448275862069,94,36,36,0.6206896551724138,102,44,44,0.7586206896551724
144,99,-45,45,0.3125,109,-35,35,0.24305555555555555,96,-48,48,0.3333333333333333,146,2,2,0.013888888888888888
50,91,41,41,0.82,87,37,37,0.74,96,46,46,0.92,92,42,42,0.84
25,51,26,26,1.04,56,31,31,1.24,43,18,18,0.72,46,21,21,0.84
57,104,47,47,0.8245614035087719,87,30,30,0.5263157894736842,92,35,35,0.6140350877192983,88,31,31,0.543859649122807
102,137,35,35,0.3431372549019608,118,16,16,0.1568627450980392,102,0,0,0.0,128,26,26,0.2549019607843137
17,35,18,18,1.0588235294117647,34,17,17,1.0,25,8,8,0.47058823529411764,26,9,9,0.5294117647058824
42,71,29,29,0.6904761904761905,79,37,37,0.8809523809523809,68,26,26,0.6190476190476191,74,32,32,0.7619047619047619
175,264,89,89,0.5085714285714286,298,123,123,0.7028571428571428,206,31,31,0.17714285714285713,270,95,95,0.5428571428571428
47,89,42,42,0.8936170212765957,107,60,60,1.2765957446808511,72,25,25,0.5319148936170213,70,23,23,0.48936170212765956
80,197,117,117,1.4625,134,54,54,0.675,127,47,47,0.5875,161,81,81,1.0125
56,167,111,111,1.9821428571428572,113,57,57,1.0178571428571428,112,56,56,1.0,115,59,59,1.0535714285714286
61,145,84,84,1.3770491803278688,111,50,50,0.819672131147541,135,74,74,1.2131147540983607,127,66,66,1.0819672131147542
83,153,70,70,0.8433734939759037,126,43,43,0.5180722891566265,153,70,70,0.8433734939759037,132,49,49,0.5903614457831325
55,144,89,89,1.6181818181818182,131,76,76,1.3818181818181818,89,34,34,0.6181818181818182,72,17,17,0.3090909090909091
61,134,73,73,1.1967213114754098,128,67,67,1.098360655737705,112,51,51,0.8360655737704918,113,52,52,0.8524590163934426
33,59,26,26,0.7878787878787878,69,36,36,1.0909090909090908,71,38,38,1.1515151515151516,69,36,36,1.0909090909090908
57,159,102,102,1.7894736842105263,135,78,78,1.368421052631579,145,88,88,1.543859649122807,133,76,76,1.3333333333333333
20,36,16,16,0.8,37,17,17,0.85,41,21,21,1.05,36,16,16,0.8
110,240,130,130,1.1818181818181819,160,50,50,0.45454545454545453,157,47,47,0.42727272727272725,178,68,68,0.6181818181818182
115,202,87,87,0.7565217391304347,181,66,66,0.5739130434782609,189,74,74,0.6434782608695652,234,119,119,1.0347826086956522
62,144,82,82,1.3225806451612903,131,69,69,1.1129032258064515,116,54,54,0.8709677419354839,110,48,48,0.7741935483870968
31,130,99,99,3.193548387096774,75,44,44,1.4193548387096775,72,41,41,1.3225806451612903,64,33,33,1.064516129032258
94,125,31,31,0.32978723404255317,110,16,16,0.1702127659574468,105,11,11,0.11702127659574468,135,41,41,0.43617021276595747
47,103,56,56,1.1914893617021276,101,54,54,1.148936170212766,83,36,36,0.7659574468085106,82,35,35,0.7446808510638298
45,115,70,70,1.5555555555555556,105,60,60,1.3333333333333333,92,47,47,1.0444444444444445,90,45,45,1.0
77,165,88,88,1.1428571428571428,171,94,94,1.2207792207792207,143,66,66,0.8571428571428571,154,77,77,1.0
68,98,30,30,0.4411764705882353,101,33,33,0.4852941176470588,100,32,32,0.47058823529411764,99,31,31,0.45588235294117646
30,37,7,7,0.23333333333333334,35,5,5,0.16666666666666666,35,5,5,0.16666666666666666,46,16,16,0.5333333333333333
79,191,112,112,1.4177215189873418,177,98,98,1.240506329113924,173,94,94,1.1898734177215189,177,98,98,1.240506329113924
51,140,89,89,1.7450980392156863,96,45,45,0.8823529411764706,114,63,63,1.2352941176470589,110,59,59,1.1568627450980393
38,81,43,43,1.131578947368421,91,53,53,1.394736842105263,68,30,30,0.7894736842105263,73,35,35,0.9210526315789473
51,148,97,97,1.9019607843137254,123,72,72,1.411764705882353,155,104,104,2.0392156862745097,144,93,93,1.8235294117647058
64,140,76,76,1.1875,140,76,76,1.1875,138,74,74,1.15625,127,63,63,0.984375
18,31,13,13,0.7222222222222222,25,7,7,0.3888888888888889,27,9,9,0.5,27,9,9,0.5
16,40,24,24,1.5,31,15,15,0.9375,31,15,15,0.9375,31,15,15,0.9375
75,126,51,51,0.68,133,58,58,0.7733333333333333,123,48,48,0.64,117,42,42,0.56
39,86,47,47,1.205128205128205,70,31,31,0.7948717948717948,77,38,38,0.9743589743589743,84,45,45,1.1538461538461537
67,150,83,83,1.2388059701492538,139,72,72,1.0746268656716418,134,67,67,1.0,117,50,50,0.746268656716418
58,119,61,61,1.0517241379310345,116,58,58,1.0,110,52,52,0.896551724137931,112,54,54,0.9310344827586207
34,80,46,46,1.3529411764705883,61,27,27,0.7941176470588235,65,31,31,0.9117647058823529,66,32,32,0.9411764705882353
9,46,37,37,4.111111111111111,14,5,5,0.5555555555555556,20,11,11,1.2222222222222223,20,11,11,1.2222222222222223
74,193,119,119,1.6081081081081081,143,69,69,0.9324324324324325,183,109,109,1.472972972972973,182,108,108,1.4594594594594594
133,251,118,118,0.8872180451127819,236,103,103,0.7744360902255639,225,92,92,0.6917293233082706,219,86,86,0.6466165413533834
41,112,71,71,1.7317073170731707,109,68,68,1.6585365853658536,88,47,47,1.146341463414634,97,56,56,1.3658536585365855
27,49,22,22,0.8148148148148148,49,22,22,0.8148148148148148,45,18,18,0.6666666666666666,42,15,15,0.5555555555555556
25,75,50,50,2.0,71,46,46,1.84,74,49,49,1.96,75,50,50,2.0
55,118,63,63,1.1454545454545455,142,87,87,1.5818181818181818,116,61,61,1.1090909090909091,122,67,67,1.2181818181818183
84,169,85,85,1.0119047619047619,140,56,56,0.6666666666666666,159,75,75,0.8928571428571429,168,84,84,1.0
46,107,61,61,1.326086956521739,94,48,48,1.0434782608695652,94,48,48,1.0434782608695652,83,37,37,0.8043478260869565
74,170,96,96,1.2972972972972974,165,91,91,1.2297297297297298,140,66,66,0.8918918918918919,139,65,65,0.8783783783783784
69,81,12,12,0.17391304347826086,73,4,4,0.057971014492753624,76,7,7,0.10144927536231885,84,15,15,0.21739130434782608
45,116,71,71,1.5777777777777777,115,70,70,1.5555555555555556,106,61,61,1.3555555555555556,82,37,37,0.8222222222222222
19,39,20,20,1.0526315789473684,47,28,28,1.4736842105263157,35,16,16,0.8421052631578947,41,22,22,1.1578947368421053
45,77,32,32,0.7111111111111111,96,51,51,1.1333333333333333,67,22,22,0.4888888888888889,101,56,56,1.2444444444444445
46,79,33,33,0.717391304347826,72,26,26,0.5652173913043478,86,40,40,0.8695652173913043,89,43,43,0.9347826086956522
111,208,97,97,0.8738738738738738,168,57,57,0.5135135135135135,181,70,70,0.6306306306306306,176,65,65,0.5855855855855856
18,45,27,27,1.5,60,42,42,2.3333333333333335,48,30,30,1.6666666666666667,38,20,20,1.1111111111111112
35,79,44,44,1.2571428571428571,67,32,32,0.9142857142857143,66,31,31,0.8857142857142857,67,32,32,0.9142857142857143
89,127,38,38,0.42696629213483145,135,46,46,0.5168539325842697,132,43,43,0.48314606741573035,142,53,53,0.5955056179775281
71,132,61,61,0.8591549295774648,138,67,67,0.9436619718309859,140,69,69,0.971830985915493,146,75,75,1.056338028169014
38,85,47,47,1.236842105263158,83,45,45,1.1842105263157894,77,39,39,1.0263157894736843,72,34,34,0.8947368421052632
49,79,30,30,0.6122448979591837,80,31,31,0.6326530612244898,85,36,36,0.7346938775510204,91,42,42,0.8571428571428571
37,68,31,31,0.8378378378378378,68,31,31,0.8378378378378378,67,30,30,0.8108108108108109,71,34,34,0.918918918918919
64,114,50,50,0.78125,96,32,32,0.5,107,43,43,0.671875,115,51,51,0.796875
45,84,39,39,0.8666666666666667,86,41,41,0.9111111111111111,78,33,33,0.7333333333333333,93,48,48,1.0666666666666667
82,173,91,91,1.1097560975609757,170,88,88,1.0731707317073171,166,84,84,1.024390243902439,160,78,78,0.9512195121951219
77,206,129,129,1.6753246753246753,131,54,54,0.7012987012987013,158,81,81,1.051948051948052,147,70,70,0.9090909090909091
94,182,88,88,0.9361702127659575,206,112,112,1.1914893617021276,189,95,95,1.0106382978723405,176,82,82,0.8723404255319149
83,173,90,90,1.0843373493975903,161,78,78,0.9397590361445783,146,63,63,0.7590361445783133,153,70,70,0.8433734939759037
45,109,64,64,1.4222222222222223,82,37,37,0.8222222222222222,115,70,70,1.5555555555555556,100,55,55,1.2222222222222223
82,182,100,100,1.2195121951219512,174,92,92,1.1219512195121952,208,126,126,1.5365853658536586,197,115,115,1.4024390243902438
34,88,54,54,1.588235294117647,97,63,63,1.8529411764705883,133,99,99,2.911764705882353,91,57,57,1.6764705882352942
44,64,20,20,0.45454545454545453,66,22,22,0.5,83,39,39,0.8863636363636364,53,9,9,0.20454545454545456
67,139,72,72,1.0746268656716418,133,66,66,0.9850746268656716,155,88,88,1.3134328358208955,123,56,56,0.835820895522388
51,134,83,83,1.6274509803921569,137,86,86,1.6862745098039216,137,86,86,1.6862745098039216,139,88,88,1.7254901960784315
29,62,33,33,1.1379310344827587,47,18,18,0.6206896551724138,37,8,8,0.27586206896551724,33,4,4,0.13793103448275862
20,59,39,39,1.95,61,41,41,2.05,52,32,32,1.6,49,29,29,1.45
7,20,13,13,1.8571428571428572,20,13,13,1.8571428571428572,26,19,19,2.7142857142857144,20,13,13,1.8571428571428572
7,25,18,18,2.5714285714285716,16,9,9,1.2857142857142858,16,9,9,1.2857142857142858,18,11,11,1.5714285714285714
42,40,-2,2,0.047619047619047616,51,9,9,0.21428571428571427,39,-3,3,0.07142857142857142,50,8,8,0.19047619047619047
12,42,30,30,2.5,35,23,23,1.9166666666666667,28,16,16,1.3333333333333333,28,16,16,1.3333333333333333
12,41,29,29,2.4166666666666665,38,26,26,2.1666666666666665,17,5,5,0.4166666666666667,20,8,8,0.6666666666666666
13,49,36,36,2.769230769230769,42,29,29,2.230769230769231,30,17,17,1.3076923076923077,33,20,20,1.5384615384615385
13,46,33,33,2.5384615384615383,41,28,28,2.1538461538461537,38,25,25,1.9230769230769231,37,24,24,1.8461538461538463
20,29,9,9,0.45,40,20,20,1.0,34,14,14,0.7,42,22,22,1.1
77,152,75,75,0.974025974025974,131,54,54,0.7012987012987013,156,79,79,1.025974025974026,140,63,63,0.8181818181818182
126,158,32,32,0.25396825396825395,167,41,41,0.3253968253968254,146,20,20,0.15873015873015872,172,46,46,0.36507936507936506
84,183,99,99,1.1785714285714286,199,115,115,1.369047619047619,198,114,114,1.3571428571428572,173,89,89,1.0595238095238095
122,273,151,151,1.2377049180327868,261,139,139,1.139344262295082,256,134,134,1.098360655737705,259,137,137,1.1229508196721312
60,110,50,50,0.8333333333333334,102,42,42,0.7,100,40,40,0.6666666666666666,109,49,49,0.8166666666666667
102,137,35,35,0.3431372549019608,148,46,46,0.45098039215686275,134,32,32,0.3137254901960784,123,21,21,0.20588235294117646
176,318,142,142,0.8068181818181818,289,113,113,0.6420454545454546,205,29,29,0.16477272727272727,278,102,102,0.5795454545454546
91,227,136,136,1.4945054945054945,185,94,94,1.032967032967033,152,61,61,0.6703296703296703,170,79,79,0.8681318681318682
53,117,64,64,1.2075471698113207,107,54,54,1.0188679245283019,124,71,71,1.3396226415094339,111,58,58,1.0943396226415094
116,235,119,119,1.0258620689655173,247,131,131,1.1293103448275863,224,108,108,0.9310344827586207,232,116,116,1.0
86,161,75,75,0.872093023255814,142,56,56,0.6511627906976745,101,15,15,0.1744186046511628,127,41,41,0.47674418604651164
63,143,80,80,1.2698412698412698,102,39,39,0.6190476190476191,121,58,58,0.9206349206349206,117,54,54,0.8571428571428571
115,250,135,135,1.173913043478261,195,80,80,0.6956521739130435,195,80,80,0.6956521739130435,177,62,62,0.5391304347826087
10,26,16,16,1.6,23,13,13,1.3,23,13,13,1.3,23,13,13,1.3
106,196,90,90,0.8490566037735849,176,70,70,0.660377358490566,163,57,57,0.5377358490566038,189,83,83,0.7830188679245284
63,120,57,57,0.9047619047619048,133,70,70,1.1111111111111112,101,38,38,0.6031746031746031,109,46,46,0.7301587301587301
34,73,39,39,1.1470588235294117,71,37,37,1.088235294117647,60,26,26,0.7647058823529411,64,30,30,0.8823529411764706
41,90,49,49,1.1951219512195121,92,51,51,1.2439024390243902,111,70,70,1.7073170731707317,91,50,50,1.2195121951219512
37,72,35,35,0.9459459459459459,73,36,36,0.972972972972973,71,34,34,0.918918918918919,56,19,19,0.5135135135135135
83,161,78,78,0.9397590361445783,134,51,51,0.6144578313253012,138,55,55,0.6626506024096386,154,71,71,0.8554216867469879
65,151,86,86,1.323076923076923,137,72,72,1.1076923076923078,126,61,61,0.9384615384615385,130,65,65,1.0
48,127,79,79,1.6458333333333333,102,54,54,1.125,93,45,45,0.9375,90,42,42,0.875
62,142,80,80,1.2903225806451613,138,76,76,1.2258064516129032,137,75,75,1.2096774193548387,110,48,48,0.7741935483870968
86,142,56,56,0.6511627906976745,147,61,61,0.7093023255813954,140,54,54,0.627906976744186,151,65,65,0.7558139534883721
43,79,36,36,0.8372093023255814,93,50,50,1.1627906976744187,68,25,25,0.5813953488372093,64,21,21,0.4883720930232558
65,133,68,68,1.0461538461538462,125,60,60,0.9230769230769231,115,50,50,0.7692307692307693,113,48,48,0.7384615384615385
58,101,43,43,0.7413793103448276,92,34,34,0.5862068965517241,102,44,44,0.7586206896551724,97,39,39,0.6724137931034483
71,177,106,106,1.4929577464788732,143,72,72,1.0140845070422535,136,65,65,0.9154929577464789,128,57,57,0.8028169014084507
73,129,56,56,0.7671232876712328,115,42,42,0.5753424657534246,113,40,40,0.547945205479452,124,51,51,0.6986301369863014
13,27,14,14,1.0769230769230769,19,6,6,0.46153846153846156,22,9,9,0.6923076923076923,19,6,6,0.46153846153846156
40,86,46,46,1.15,92,52,52,1.3,84,44,44,1.1,94,54,54,1.35
28,69,41,41,1.4642857142857142,63,35,35,1.25,67,39,39,1.3928571428571428,69,41,41,1.4642857142857142
33,76,43,43,1.303030303030303,81,48,48,1.4545454545454546,64,31,31,0.9393939393939394,67,34,34,1.0303030303030303
38,56,18,18,0.47368421052631576,65,27,27,0.7105263157894737,66,28,28,0.7368421052631579,65,27,27,0.7105263157894737
40,69,29,29,0.725,87,47,47,1.175,87,47,47,1.175,84,44,44,1.1
66,128,62,62,0.9393939393939394,128,62,62,0.9393939393939394,134,68,68,1.0303030303030303,135,69,69,1.0454545454545454
60,152,92,92,1.5333333333333334,125,65,65,1.0833333333333333,117,57,57,0.95,92,32,32,0.5333333333333333
47,109,62,62,1.3191489361702127,112,65,65,1.3829787234042554,114,67,67,1.425531914893617,109,62,62,1.3191489361702127
45,108,63,63,1.4,85,40,40,0.8888888888888888,90,45,45,1.0,91,46,46,1.0222222222222221
56,137,81,81,1.4464285714285714,115,59,59,1.0535714285714286,151,95,95,1.6964285714285714,138,82,82,1.4642857142857142
25,66,41,41,1.64,55,30,30,1.2,68,43,43,1.72,56,31,31,1.24
23,65,42,42,1.826086956521739,69,46,46,2.0,70,47,47,2.0434782608695654,62,39,39,1.6956521739130435
79,177,98,98,1.240506329113924,169,90,90,1.139240506329114,169,90,90,1.139240506329114,168,89,89,1.1265822784810127
22,53,31,31,1.4090909090909092,50,28,28,1.2727272727272727,56,34,34,1.5454545454545454,65,43,43,1.9545454545454546
35,98,63,63,1.8,110,75,75,2.142857142857143,82,47,47,1.3428571428571427,83,48,48,1.3714285714285714
75,151,76,76,1.0133333333333334,129,54,54,0.72,152,77,77,1.0266666666666666,142,67,67,0.8933333333333333
26,73,47,47,1.8076923076923077,82,56,56,2.1538461538461537,67,41,41,1.5769230769230769,60,34,34,1.3076923076923077
24,40,16,16,0.6666666666666666,39,15,15,0.625,46,22,22,0.9166666666666666,43,19,19,0.7916666666666666
41,102,61,61,1.4878048780487805,101,60,60,1.4634146341463414,87,46,46,1.1219512195121952,92,51,51,1.2439024390243902
59,129,70,70,1.1864406779661016,136,77,77,1.305084745762712,110,51,51,0.864406779661017,126,67,67,1.1355932203389831
158,149,-9,9,0.056962025316455694,150,-8,8,0.05063291139240506,147,-11,11,0.06962025316455696,191,33,33,0.2088607594936709
108,135,27,27,0.25,131,23,23,0.21296296296296297,125,17,17,0.1574074074074074,149,41,41,0.37962962962962965
22,60,38,38,1.7272727272727273,43,21,21,0.9545454545454546,47,25,25,1.1363636363636365,46,24,24,1.0909090909090908
41,92,51,51,1.2439024390243902,81,40,40,0.975609756097561,69,28,28,0.6829268292682927,71,30,30,0.7317073170731707
40,88,48,48,1.2,79,39,39,0.975,77,37,37,0.925,79,39,39,0.975
30,61,31,31,1.0333333333333334,62,32,32,1.0666666666666667,66,36,36,1.2,58,28,28,0.9333333333333333
9,17,8,8,0.8888888888888888,16,7,7,0.7777777777777778,15,6,6,0.6666666666666666,15,6,6,0.6666666666666666
59,122,63,63,1.0677966101694916,135,76,76,1.2881355932203389,116,57,57,0.9661016949152542,111,52,52,0.8813559322033898
92,237,145,145,1.576086956521739,205,113,113,1.2282608695652173,197,105,105,1.141304347826087,145,53,53,0.5760869565217391
40,121,81,81,2.025,99,59,59,1.475,113,73,73,1.825,128,88,88,2.2
23,46,23,23,1.0,44,21,21,0.9130434782608695,52,29,29,1.2608695652173914,37,14,14,0.6086956521739131
50,128,78,78,1.56,112,62,62,1.24,88,38,38,0.76,77,27,27,0.54
46,121,75,75,1.6304347826086956,92,46,46,1.0,88,42,42,0.9130434782608695,93,47,47,1.0217391304347827
97,172,75,75,0.7731958762886598,161,64,64,0.6597938144329897,138,41,41,0.422680412371134,160,63,63,0.6494845360824743
162,349,187,187,1.154320987654321,293,131,131,0.808641975308642,320,158,158,0.9753086419753086,323,161,161,0.9938271604938271
45,100,55,55,1.2222222222222223,108,63,63,1.4,91,46,46,1.0222222222222221,91,46,46,1.0222222222222221
66,135,69,69,1.0454545454545454,132,66,66,1.0,118,52,52,0.7878787878787878,114,48,48,0.7272727272727273
97,141,44,44,0.4536082474226804,149,52,52,0.5360824742268041,126,29,29,0.29896907216494845,147,50,50,0.5154639175257731
66,137,71,71,1.0757575757575757,136,70,70,1.0606060606060606,152,86,86,1.303030303030303,131,65,65,0.9848484848484849
29,52,23,23,0.7931034482758621,52,23,23,0.7931034482758621,56,27,27,0.9310344827586207,52,23,23,0.7931034482758621
106,209,103,103,0.9716981132075472,188,82,82,0.7735849056603774,198,92,92,0.8679245283018868,202,96,96,0.9056603773584906
99,184,85,85,0.8585858585858586,209,110,110,1.1111111111111112,194,95,95,0.9595959595959596,195,96,96,0.9696969696969697
64,143,79,79,1.234375,192,128,128,2.0,176,112,112,1.75,171,107,107,1.671875
40,84,44,44,1.1,79,39,39,0.975,90,50,50,1.25,90,50,50,1.25
49,79,30,30,0.6122448979591837,95,46,46,0.9387755102040817,93,44,44,0.8979591836734694,93,44,44,0.8979591836734694
29,75,46,46,1.5862068965517242,51,22,22,0.7586206896551724,62,33,33,1.1379310344827587,61,32,32,1.103448275862069
20,28,8,8,0.4,27,7,7,0.35,22,2,2,0.1,26,6,6,0.3
128,304,176,176,1.375,255,127,127,0.9921875,229,101,101,0.7890625,239,111,111,0.8671875
37,71,34,34,0.918918918918919,91,54,54,1.4594594594594594,85,48,48,1.2972972972972974,90,53,53,1.4324324324324325
117,244,127,127,1.0854700854700854,244,127,127,1.0854700854700854,237,120,120,1.0256410256410255,224,107,107,0.9145299145299145
102,207,105,105,1.0294117647058822,237,135,135,1.3235294117647058,142,40,40,0.39215686274509803,187,85,85,0.8333333333333334
61,168,107,107,1.7540983606557377,164,103,103,1.6885245901639345,158,97,97,1.5901639344262295,153,92,92,1.5081967213114753
140,280,140,140,1.0,279,139,139,0.9928571428571429,272,132,132,0.9428571428571428,298,158,158,1.1285714285714286
57,132,75,75,1.3157894736842106,139,82,82,1.4385964912280702,123,66,66,1.1578947368421053,98,41,41,0.7192982456140351
56,153,97,97,1.7321428571428572,158,102,102,1.8214285714285714,162,106,106,1.8928571428571428,150,94,94,1.6785714285714286
63,89,26,26,0.4126984126984127,89,26,26,0.4126984126984127,104,41,41,0.6507936507936508,81,18,18,0.2857142857142857
58,131,73,73,1.2586206896551724,130,72,72,1.2413793103448276,97,39,39,0.6724137931034483,102,44,44,0.7586206896551724
55,148,93,93,1.690909090909091,97,42,42,0.7636363636363637,91,36,36,0.6545454545454545,98,43,43,0.7818181818181819
91,197,106,106,1.164835164835165,232,141,141,1.5494505494505495,195,104,104,1.1428571428571428,191,100,100,1.098901098901099
53,128,75,75,1.4150943396226414,119,66,66,1.2452830188679245,103,50,50,0.9433962264150944,106,53,53,1.0
50,84,34,34,0.68,94,44,44,0.88,97,47,47,0.94,94,44,44,0.88
63,110,47,47,0.746031746031746,116,53,53,0.8412698412698413,110,47,47,0.746031746031746,104,41,41,0.6507936507936508
107,257,150,150,1.4018691588785046,223,116,116,1.0841121495327102,210,103,103,0.9626168224299065,230,123,123,1.1495327102803738
90,268,178,178,1.9777777777777779,215,125,125,1.3888888888888888,246,156,156,1.7333333333333334,257,167,167,1.8555555555555556
234,551,317,317,1.3547008547008548,468,234,234,1.0,478,244,244,1.0427350427350428,498,264,264,1.1282051282051282
28,74,46,46,1.6428571428571428,60,32,32,1.1428571428571428,46,18,18,0.6428571428571429,60,32,32,1.1428571428571428
88,206,118,118,1.3409090909090908,204,116,116,1.3181818181818181,158,70,70,0.7954545454545454,156,68,68,0.7727272727272727
56,111,55,55,0.9821428571428571,105,49,49,0.875,105,49,49,0.875,122,66,66,1.1785714285714286
59,112,53,53,0.8983050847457628,112,53,53,0.8983050847457628,126,67,67,1.1355932203389831,112,53,53,0.8983050847457628
106,244,138,138,1.3018867924528301,174,68,68,0.6415094339622641,197,91,91,0.8584905660377359,191,85,85,0.8018867924528302
68,160,92,92,1.3529411764705883,159,91,91,1.338235294117647,138,70,70,1.0294117647058822,154,86,86,1.2647058823529411
70,176,106,106,1.5142857142857142,148,78,78,1.1142857142857143,131,61,61,0.8714285714285714,134,64,64,0.9142857142857143
42,116,74,74,1.7619047619047619,83,41,41,0.9761904761904762,100,58,58,1.380952380952381,94,52,52,1.2380952380952381
50,116,66,66,1.32,122,72,72,1.44,126,76,76,1.52,123,73,73,1.46
43,113,70,70,1.627906976744186,119,76,76,1.7674418604651163,103,60,60,1.3953488372093024,105,62,62,1.441860465116279
46,78,32,32,0.6956521739130435,93,47,47,1.0217391304347827,96,50,50,1.0869565217391304,80,34,34,0.7391304347826086
107,93,-14,14,0.1308411214953271,160,53,53,0.4953271028037383,171,64,64,0.5981308411214953,192,85,85,0.794392523364486
96,193,97,97,1.0104166666666667,181,85,85,0.8854166666666666,172,76,76,0.7916666666666666,163,67,67,0.6979166666666666
129,307,178,178,1.37984496124031,305,176,176,1.3643410852713178,273,144,144,1.1162790697674418,252,123,123,0.9534883720930233
44,75,31,31,0.7045454545454546,72,28,28,0.6363636363636364,92,48,48,1.0909090909090908,82,38,38,0.8636363636363636
74,196,122,122,1.6486486486486487,163,89,89,1.2027027027027026,182,108,108,1.4594594594594594,167,93,93,1.2567567567567568
63,149,86,86,1.3650793650793651,146,83,83,1.3174603174603174,152,89,89,1.4126984126984128,136,73,73,1.1587301587301588
92,225,133,133,1.4456521739130435,210,118,118,1.2826086956521738,211,119,119,1.2934782608695652,200,108,108,1.173913043478261
27,72,45,45,1.6666666666666667,70,43,43,1.5925925925925926,65,38,38,1.4074074074074074,66,39,39,1.4444444444444444
77,135,58,58,0.7532467532467533,158,81,81,1.051948051948052,136,59,59,0.7662337662337663,113,36,36,0.4675324675324675
81,162,81,81,1.0,161,80,80,0.9876543209876543,161,80,80,0.9876543209876543,184,103,103,1.271604938271605
111,254,143,143,1.2882882882882882,233,122,122,1.0990990990990992,231,120,120,1.0810810810810811,228,117,117,1.054054054054054
107,289,182,182,1.7009345794392523,227,120,120,1.1214953271028036,235,128,128,1.1962616822429906,259,152,152,1.4205607476635513
38,124,86,86,2.263157894736842,103,65,65,1.7105263157894737,114,76,76,2.0,70,32,32,0.8421052631578947
33,71,38,38,1.1515151515151516,62,29,29,0.8787878787878788,59,26,26,0.7878787878787878,61,28,28,0.8484848484848485
52,101,49,49,0.9423076923076923,134,82,82,1.5769230769230769,104,52,52,1.0,100,48,48,0.9230769230769231
31,66,35,35,1.1290322580645162,81,50,50,1.6129032258064515,64,33,33,1.064516129032258,68,37,37,1.1935483870967742
49,163,114,114,2.326530612244898,130,81,81,1.653061224489796,133,84,84,1.7142857142857142,139,90,90,1.836734693877551
91,208,117,117,1.2857142857142858,184,93,93,1.021978021978022,192,101,101,1.10989010989011,180,89,89,0.978021978021978
55,115,60,60,1.0909090909090908,104,49,49,0.8909090909090909,108,53,53,0.9636363636363636,98,43,43,0.7818181818181819
62,163,101,101,1.6290322580645162,136,74,74,1.1935483870967742,160,98,98,1.5806451612903225,144,82,82,1.3225806451612903
83,180,97,97,1.1686746987951808,177,94,94,1.1325301204819278,213,130,130,1.5662650602409638,178,95,95,1.144578313253012
51,128,77,77,1.5098039215686274,122,71,71,1.392156862745098,120,69,69,1.3529411764705883,104,53,53,1.0392156862745099
40,89,49,49,1.225,111,71,71,1.775,96,56,56,1.4,89,49,49,1.225
41,82,41,41,1.0,67,26,26,0.6341463414634146,71,30,30,0.7317073170731707,89,48,48,1.170731707317073
81,209,128,128,1.5802469135802468,189,108,108,1.3333333333333333,174,93,93,1.1481481481481481,180,99,99,1.2222222222222223
71,171,100,100,1.408450704225352,162,91,91,1.2816901408450705,151,80,80,1.1267605633802817,166,95,95,1.3380281690140845
131,277,146,146,1.1145038167938932,274,143,143,1.0916030534351144,260,129,129,0.9847328244274809,248,117,117,0.8931297709923665
69,171,102,102,1.4782608695652173,174,105,105,1.5217391304347827,157,88,88,1.2753623188405796,173,104,104,1.5072463768115942
74,169,95,95,1.2837837837837838,168,94,94,1.2702702702702702,172,98,98,1.3243243243243243,153,79,79,1.0675675675675675
88,201,113,113,1.2840909090909092,192,104,104,1.1818181818181819,193,105,105,1.1931818181818181,196,108,108,1.2272727272727273
32,90,58,58,1.8125,100,68,68,2.125,93,61,61,1.90625,86,54,54,1.6875
44,103,59,59,1.3409090909090908,125,81,81,1.8409090909090908,102,58,58,1.3181818181818181,95,51,51,1.1590909090909092
30,75,45,45,1.5,90,60,60,2.0,85,55,55,1.8333333333333333,83,53,53,1.7666666666666666
30,82,52,52,1.7333333333333334,71,41,41,1.3666666666666667,74,44,44,1.4666666666666666,69,39,39,1.3
46,116,70,70,1.5217391304347827,103,57,57,1.2391304347826086,110,64,64,1.391304347826087,107,61,61,1.326086956521739
23,69,46,46,2.0,66,43,43,1.8695652173913044,72,49,49,2.130434782608696,64,41,41,1.7826086956521738
104,164,60,60,0.5769230769230769,109,5,5,0.04807692307692308,139,35,35,0.33653846153846156,200,96,96,0.9230769230769231
20,83,63,63,3.15,53,33,33,1.65,54,34,34,1.7,52,32,32,1.6
34,78,44,44,1.2941176470588236,92,58,58,1.7058823529411764,108,74,74,2.176470588235294,82,48,48,1.411764705882353
45,149,104,104,2.311111111111111,89,44,44,0.9777777777777777,109,64,64,1.4222222222222223,124,79,79,1.7555555555555555
110,158,48,48,0.43636363636363634,159,49,49,0.44545454545454544,160,50,50,0.45454545454545453,168,58,58,0.5272727272727272
68,203,135,135,1.9852941176470589,151,83,83,1.2205882352941178,142,74,74,1.088235294117647,157,89,89,1.3088235294117647
37,86,49,49,1.3243243243243243,100,63,63,1.7027027027027026,90,53,53,1.4324324324324325,79,42,42,1.135135135135135
46,133,87,87,1.891304347826087,103,57,57,1.2391304347826086,97,51,51,1.108695652173913,81,35,35,0.7608695652173914
54,88,34,34,0.6296296296296297,96,42,42,0.7777777777777778,93,39,39,0.7222222222222222,89,35,35,0.6481481481481481
100,263,163,163,1.63,195,95,95,0.95,199,99,99,0.99,234,134,134,1.34
50,135,85,85,1.7,124,74,74,1.48,106,56,56,1.12,116,66,66,1.32
102,148,46,46,0.45098039215686275,166,64,64,0.6274509803921569,144,42,42,0.4117647058823529,158,56,56,0.5490196078431373
78,161,83,83,1.064102564102564,189,111,111,1.4230769230769231,145,67,67,0.8589743589743589,106,28,28,0.358974358974359
79,223,144,144,1.8227848101265822,169,90,90,1.139240506329114,171,92,92,1.1645569620253164,180,101,101,1.2784810126582278
97,131,34,34,0.35051546391752575,135,38,38,0.3917525773195876,114,17,17,0.17525773195876287,132,35,35,0.36082474226804123
74,166,92,92,1.2432432432432432,167,93,93,1.2567567567567568,158,84,84,1.135135135135135,151,77,77,1.0405405405405406
119,206,87,87,0.7310924369747899,162,43,43,0.36134453781512604,166,47,47,0.3949579831932773,165,46,46,0.3865546218487395
65,129,64,64,0.9846153846153847,146,81,81,1.2461538461538462,128,63,63,0.9692307692307692,118,53,53,0.8153846153846154
76,95,19,19,0.25,89,13,13,0.17105263157894737,88,12,12,0.15789473684210525,108,32,32,0.42105263157894735
50,79,29,29,0.58,65,15,15,0.3,59,9,9,0.18,62,12,12,0.24
143,178,35,35,0.24475524475524477,259,116,116,0.8111888111888111,212,69,69,0.4825174825174825,222,79,79,0.5524475524475524
111,122,11,11,0.0990990990990991,141,30,30,0.2702702702702703,131,20,20,0.18018018018018017,141,30,30,0.2702702702702703
135,139,4,4,0.02962962962962963,135,0,0,0.0,121,-14,14,0.1037037037037037,159,24,24,0.17777777777777778
79,91,12,12,0.1518987341772152,93,14,14,0.17721518987341772,86,7,7,0.08860759493670886,114,35,35,0.4430379746835443
109,161,52,52,0.47706422018348627,143,34,34,0.3119266055045872,148,39,39,0.3577981651376147,147,38,38,0.3486238532110092
173,251,78,78,0.4508670520231214,245,72,72,0.4161849710982659,212,39,39,0.2254335260115607,231,58,58,0.3352601156069364
121,138,17,17,0.14049586776859505,110,-11,11,0.09090909090909091,112,-9,9,0.0743801652892562,161,40,40,0.3305785123966942
52,93,41,41,0.7884615384615384,84,32,32,0.6153846153846154,93,41,41,0.7884615384615384,96,44,44,0.8461538461538461
42,91,49,49,1.1666666666666667,105,63,63,1.5,82,40,40,0.9523809523809523,89,47,47,1.119047619047619
72,152,80,80,1.1111111111111112,174,102,102,1.4166666666666667,144,72,72,1.0,133,61,61,0.8472222222222222
60,108,48,48,0.8,129,69,69,1.15,110,50,50,0.8333333333333334,95,35,35,0.5833333333333334
249,254,5,5,0.020080321285140562,266,17,17,0.06827309236947791,266,17,17,0.06827309236947791,311,62,62,0.24899598393574296
45,105,60,60,1.3333333333333333,90,45,45,1.0,81,36,36,0.8,82,37,37,0.8222222222222222
124,255,131,131,1.0564516129032258,181,57,57,0.4596774193548387,218,94,94,0.7580645161290323,236,112,112,0.9032258064516129
114,209,95,95,0.8333333333333334,184,70,70,0.6140350877192983,187,73,73,0.6403508771929824,204,90,90,0.7894736842105263
87,186,99,99,1.1379310344827587,150,63,63,0.7241379310344828,153,66,66,0.7586206896551724,123,36,36,0.41379310344827586
86,157,71,71,0.8255813953488372,118,32,32,0.37209302325581395,131,45,45,0.5232558139534884,151,65,65,0.7558139534883721
55,53,-2,2,0.03636363636363636,49,-6,6,0.10909090909090909,94,39,39,0.7090909090909091,93,38,38,0.6909090909090909
13,21,8,8,0.6153846153846154,21,8,8,0.6153846153846154,14,1,1,0.07692307692307693,14,1,1,0.07692307692307693
123,255,132,132,1.0731707317073171,220,97,97,0.7886178861788617,167,44,44,0.35772357723577236,181,58,58,0.4715447154471545
67,134,67,67,1.0,123,56,56,0.835820895522388,111,44,44,0.6567164179104478,120,53,53,0.7910447761194029
79,115,36,36,0.45569620253164556,107,28,28,0.35443037974683544,104,25,25,0.31645569620253167,104,25,25,0.31645569620253167
22,49,27,27,1.2272727272727273,44,22,22,1.0,37,15,15,0.6818181818181818,44,22,22,1.0
85,154,69,69,0.8117647058823529,152,67,67,0.788235294117647,154,69,69,0.8117647058823529,185,100,100,1.1764705882352942
61,139,78,78,1.278688524590164,129,68,68,1.1147540983606556,128,67,67,1.098360655737705,122,61,61,1.0
47,110,63,63,1.3404255319148937,101,54,54,1.148936170212766,90,43,43,0.9148936170212766,79,32,32,0.6808510638297872
48,67,19,19,0.3958333333333333,67,19,19,0.3958333333333333,67,19,19,0.3958333333333333,59,11,11,0.22916666666666666
70,101,31,31,0.44285714285714284,114,44,44,0.6285714285714286,126,56,56,0.8,111,41,41,0.5857142857142857
90,162,72,72,0.8,171,81,81,0.9,179,89,89,0.9888888888888889,170,80,80,0.8888888888888888
30,74,44,44,1.4666666666666666,46,16,16,0.5333333333333333,45,15,15,0.5,42,12,12,0.4
38,74,36,36,0.9473684210526315,81,43,43,1.131578947368421,85,47,47,1.236842105263158,80,42,42,1.105263157894737
33,69,36,36,1.0909090909090908,69,36,36,1.0909090909090908,69,36,36,1.0909090909090908,61,28,28,0.8484848484848485
52,104,52,52,1.0,115,63,63,1.2115384615384615,105,53,53,1.0192307692307692,95,43,43,0.8269230769230769
30,65,35,35,1.1666666666666667,58,28,28,0.9333333333333333,61,31,31,1.0333333333333334,59,29,29,0.9666666666666667
35,72,37,37,1.0571428571428572,55,20,20,0.5714285714285714,57,22,22,0.6285714285714286,57,22,22,0.6285714285714286
63,153,90,90,1.4285714285714286,129,66,66,1.0476190476190477,133,70,70,1.1111111111111112,123,60,60,0.9523809523809523
57,115,58,58,1.0175438596491229,101,44,44,0.7719298245614035,109,52,52,0.9122807017543859,92,35,35,0.6140350877192983
32,77,45,45,1.40625,80,48,48,1.5,87,55,55,1.71875,79,47,47,1.46875
79,143,64,64,0.810126582278481,183,104,104,1.3164556962025316,168,89,89,1.1265822784810127,153,74,74,0.9367088607594937
75,137,62,62,0.8266666666666667,142,67,67,0.8933333333333333,142,67,67,0.8933333333333333,140,65,65,0.8666666666666667
40,94,54,54,1.35,81,41,41,1.025,71,31,31,0.775,64,24,24,0.6
34,41,7,7,0.20588235294117646,63,29,29,0.8529411764705882,58,24,24,0.7058823529411765,63,29,29,0.8529411764705882
46,99,53,53,1.1521739130434783,98,52,52,1.1304347826086956,114,68,68,1.4782608695652173,106,60,60,1.3043478260869565
61,126,65,65,1.0655737704918034,132,71,71,1.1639344262295082,118,57,57,0.9344262295081968,113,52,52,0.8524590163934426
55,143,88,88,1.6,125,70,70,1.2727272727272727,142,87,87,1.5818181818181818,126,71,71,1.290909090909091
79,143,64,64,0.810126582278481,130,51,51,0.6455696202531646,153,74,74,0.9367088607594937,128,49,49,0.620253164556962
84,133,49,49,0.5833333333333334,159,75,75,0.8928571428571429,153,69,69,0.8214285714285714,127,43,43,0.5119047619047619
108,190,82,82,0.7592592592592593,201,93,93,0.8611111111111112,202,94,94,0.8703703703703703,192,84,84,0.7777777777777778
33,47,14,14,0.42424242424242425,47,14,14,0.42424242424242425,58,25,25,0.7575757575757576,53,20,20,0.6060606060606061
66,161,95,95,1.4393939393939394,139,73,73,1.106060606060606,132,66,66,1.0,150,84,84,1.2727272727272727
53,106,53,53,1.0,118,65,65,1.2264150943396226,93,40,40,0.7547169811320755,88,35,35,0.660377358490566
82,133,51,51,0.6219512195121951,144,62,62,0.7560975609756098,138,56,56,0.6829268292682927,148,66,66,0.8048780487804879
67,151,84,84,1.2537313432835822,144,77,77,1.1492537313432836,141,74,74,1.1044776119402986,130,63,63,0.9402985074626866
62,153,91,91,1.467741935483871,131,69,69,1.1129032258064515,129,67,67,1.0806451612903225,152,90,90,1.4516129032258065
92,145,53,53,0.5760869565217391,184,92,92,1.0,142,50,50,0.5434782608695652,183,91,91,0.9891304347826086
18,46,28,28,1.5555555555555556,44,26,26,1.4444444444444444,43,25,25,1.3888888888888888,40,22,22,1.2222222222222223
67,163,96,96,1.4328358208955223,123,56,56,0.835820895522388,142,75,75,1.1194029850746268,101,34,34,0.5074626865671642
60,116,56,56,0.9333333333333333,131,71,71,1.1833333333333333,117,57,57,0.95,105,45,45,0.75
84,127,43,43,0.5119047619047619,116,32,32,0.38095238095238093,126,42,42,0.5,112,28,28,0.3333333333333333
18,61,43,43,2.388888888888889,52,34,34,1.8888888888888888,61,43,43,2.388888888888889,54,36,36,2.0
25,69,44,44,1.76,57,32,32,1.28,50,25,25,1.0,61,36,36,1.44
58,105,47,47,0.8103448275862069,104,46,46,0.7931034482758621,97,39,39,0.6724137931034483,90,32,32,0.5517241379310345
87,151,64,64,0.735632183908046,156,69,69,0.7931034482758621,142,55,55,0.632183908045977,121,34,34,0.39080459770114945
49,135,86,86,1.7551020408163265,101,52,52,1.0612244897959184,114,65,65,1.3265306122448979,92,43,43,0.8775510204081632
79,169,90,90,1.139240506329114,159,80,80,1.0126582278481013,160,81,81,1.0253164556962024,164,85,85,1.0759493670886076
45,97,52,52,1.1555555555555554,102,57,57,1.2666666666666666,110,65,65,1.4444444444444444,99,54,54,1.2
94,230,136,136,1.446808510638298,191,97,97,1.0319148936170213,192,98,98,1.0425531914893618,177,83,83,0.8829787234042553
82,196,114,114,1.3902439024390243,163,81,81,0.9878048780487805,174,92,92,1.1219512195121952,182,100,100,1.2195121951219512
70,166,96,96,1.3714285714285714,132,62,62,0.8857142857142857,164,94,94,1.3428571428571427,157,87,87,1.2428571428571429
10,26,16,16,1.6,22,12,12,1.2,19,9,9,0.9,19,9,9,0.9
33,61,28,28,0.8484848484848485,44,11,11,0.3333333333333333,56,23,23,0.696969696969697,50,17,17,0.5151515151515151
63,129,66,66,1.0476190476190477,113,50,50,0.7936507936507936,103,40,40,0.6349206349206349,117,54,54,0.8571428571428571
41,87,46,46,1.1219512195121952,80,39,39,0.9512195121951219,83,42,42,1.024390243902439,97,56,56,1.3658536585365855
78,167,89,89,1.141025641025641,129,51,51,0.6538461538461539,123,45,45,0.5769230769230769,156,78,78,1.0
87,176,89,89,1.0229885057471264,140,53,53,0.6091954022988506,140,53,53,0.6091954022988506,149,62,62,0.7126436781609196
53,120,67,67,1.2641509433962264,140,87,87,1.6415094339622642,136,83,83,1.5660377358490567,137,84,84,1.5849056603773586
57,135,78,78,1.368421052631579,124,67,67,1.1754385964912282,135,78,78,1.368421052631579,117,60,60,1.0526315789473684
40,101,61,61,1.525,123,83,83,2.075,99,59,59,1.475,93,53,53,1.325
59,100,41,41,0.6949152542372882,93,34,34,0.576271186440678,119,60,60,1.0169491525423728,115,56,56,0.9491525423728814
63,103,40,40,0.6349206349206349,115,52,52,0.8253968253968254,103,40,40,0.6349206349206349,101,38,38,0.6031746031746031
61,107,46,46,0.7540983606557377,117,56,56,0.9180327868852459,102,41,41,0.6721311475409836,105,44,44,0.7213114754098361
31,61,30,30,0.967741935483871,60,29,29,0.9354838709677419,63,32,32,1.032258064516129,62,31,31,1.0
115,275,160,160,1.391304347826087,277,162,162,1.4086956521739131,245,130,130,1.1304347826086956,255,140,140,1.2173913043478262
52,96,44,44,0.8461538461538461,92,40,40,0.7692307692307693,86,34,34,0.6538461538461539,92,40,40,0.7692307692307693
44,54,10,10,0.22727272727272727,85,41,41,0.9318181818181818,91,47,47,1.0681818181818181,72,28,28,0.6363636363636364
36,59,23,23,0.6388888888888888,92,56,56,1.5555555555555556,62,26,26,0.7222222222222222,65,29,29,0.8055555555555556
36,123,87,87,2.4166666666666665,111,75,75,2.0833333333333335,105,69,69,1.9166666666666667,89,53,53,1.4722222222222223
73,176,103,103,1.4109589041095891,133,60,60,0.821917808219178,155,82,82,1.1232876712328768,133,60,60,0.821917808219178
54,123,69,69,1.2777777777777777,81,27,27,0.5,86,32,32,0.5925925925925926,89,35,35,0.6481481481481481
29,48,19,19,0.6551724137931034,49,20,20,0.6896551724137931,51,22,22,0.7586206896551724,53,24,24,0.8275862068965517
32,69,37,37,1.15625,66,34,34,1.0625,70,38,38,1.1875,65,33,33,1.03125
20,43,23,23,1.15,53,33,33,1.65,50,30,30,1.5,38,18,18,0.9
26,33,7,7,0.2692307692307692,36,10,10,0.38461538461538464,32,6,6,0.23076923076923078,35,9,9,0.34615384615384615
44,76,32,32,0.7272727272727273,83,39,39,0.8863636363636364,70,26,26,0.5909090909090909,62,18,18,0.4090909090909091
22,34,12,12,0.5454545454545454,44,22,22,1.0,37,15,15,0.6818181818181818,40,18,18,0.8181818181818182
66,137,71,71,1.0757575757575757,133,67,67,1.0151515151515151,149,83,83,1.2575757575757576,143,77,77,1.1666666666666667
36,81,45,45,1.25,72,36,36,1.0,81,45,45,1.25,71,35,35,0.9722222222222222
32,101,69,69,2.15625,74,42,42,1.3125,70,38,38,1.1875,77,45,45,1.40625
89,226,137,137,1.5393258426966292,183,94,94,1.0561797752808988,192,103,103,1.1573033707865168,191,102,102,1.146067415730337
75,131,56,56,0.7466666666666667,154,79,79,1.0533333333333332,162,87,87,1.16,150,75,75,1.0
71,183,112,112,1.5774647887323943,160,89,89,1.2535211267605635,156,85,85,1.1971830985915493,172,101,101,1.4225352112676057
64,136,72,72,1.125,133,69,69,1.078125,123,59,59,0.921875,126,62,62,0.96875
82,147,65,65,0.7926829268292683,137,55,55,0.6707317073170732,114,32,32,0.3902439024390244,126,44,44,0.5365853658536586
45,86,41,41,0.9111111111111111,95,50,50,1.1111111111111112,92,47,47,1.0444444444444445,90,45,45,1.0
31,80,49,49,1.5806451612903225,75,44,44,1.4193548387096775,83,52,52,1.6774193548387097,86,55,55,1.7741935483870968
74,133,59,59,0.7972972972972973,152,78,78,1.054054054054054,129,55,55,0.7432432432432432,134,60,60,0.8108108108108109
47,102,55,55,1.1702127659574468,94,47,47,1.0,110,63,63,1.3404255319148937,91,44,44,0.9361702127659575
53,121,68,68,1.2830188679245282,110,57,57,1.0754716981132075,108,55,55,1.0377358490566038,114,61,61,1.150943396226415
54,116,62,62,1.1481481481481481,117,63,63,1.1666666666666667,103,49,49,0.9074074074074074,100,46,46,0.8518518518518519
29,67,38,38,1.3103448275862069,66,37,37,1.2758620689655173,71,42,42,1.4482758620689655,50,21,21,0.7241379310344828
31,94,63,63,2.032258064516129,71,40,40,1.2903225806451613,67,36,36,1.1612903225806452,61,30,30,0.967741935483871
75,173,98,98,1.3066666666666666,131,56,56,0.7466666666666667,136,61,61,0.8133333333333334,148,73,73,0.9733333333333334
74,158,84,84,1.135135135135135,135,61,61,0.8243243243243243,147,73,73,0.9864864864864865,136,62,62,0.8378378378378378
65,148,83,83,1.2769230769230768,152,87,87,1.3384615384615384,141,76,76,1.1692307692307693,149,84,84,1.2923076923076924
34,93,59,59,1.7352941176470589,92,58,58,1.7058823529411764,88,54,54,1.588235294117647,76,42,42,1.2352941176470589
139,237,98,98,0.7050359712230215,189,50,50,0.3597122302158273,198,59,59,0.4244604316546763,217,78,78,0.5611510791366906
76,113,37,37,0.4868421052631579,102,26,26,0.34210526315789475,112,36,36,0.47368421052631576,112,36,36,0.47368421052631576
106,162,56,56,0.5283018867924528,146,40,40,0.37735849056603776,137,31,31,0.29245283018867924,161,55,55,0.5188679245283019
59,119,60,60,1.0169491525423728,125,66,66,1.11864406779661,112,53,53,0.8983050847457628,109,50,50,0.847457627118644
68,161,93,93,1.3676470588235294,139,71,71,1.0441176470588236,146,78,78,1.1470588235294117,147,79,79,1.161764705882353
51,118,67,67,1.3137254901960784,98,47,47,0.9215686274509803,96,45,45,0.8823529411764706,84,33,33,0.6470588235294118
37,125,88,88,2.3783783783783785,95,58,58,1.5675675675675675,119,82,82,2.2162162162162162,97,60,60,1.6216216216216217
85,135,50,50,0.5882352941176471,156,71,71,0.8352941176470589,140,55,55,0.6470588235294118,157,72,72,0.8470588235294118
19,36,17,17,0.8947368421052632,47,28,28,1.4736842105263157,40,21,21,1.105263157894737,47,28,28,1.4736842105263157
30,54,24,24,0.8,49,19,19,0.6333333333333333,57,27,27,0.9,45,15,15,0.5
82,129,47,47,0.573170731707317,168,86,86,1.048780487804878,118,36,36,0.43902439024390244,132,50,50,0.6097560975609756
63,127,64,64,1.0158730158730158,132,69,69,1.0952380952380953,126,63,63,1.0,127,64,64,1.0158730158730158
92,202,110,110,1.1956521739130435,165,73,73,0.7934782608695652,157,65,65,0.7065217391304348,157,65,65,0.7065217391304348
14,28,14,14,1.0,30,16,16,1.1428571428571428,26,12,12,0.8571428571428571,18,4,4,0.2857142857142857
25,64,39,39,1.56,57,32,32,1.28,63,38,38,1.52,57,32,32,1.28
95,181,86,86,0.9052631578947369,190,95,95,1.0,162,67,67,0.7052631578947368,158,63,63,0.6631578947368421
40,87,47,47,1.175,95,55,55,1.375,83,43,43,1.075,83,43,43,1.075
53,142,89,89,1.679245283018868,125,72,72,1.3584905660377358,113,60,60,1.1320754716981132,103,50,50,0.9433962264150944
33,78,45,45,1.3636363636363635,72,39,39,1.1818181818181819,80,47,47,1.4242424242424243,79,46,46,1.393939393939394
60,96,36,36,0.6,76,16,16,0.26666666666666666,77,17,17,0.2833333333333333,77,17,17,0.2833333333333333
95,204,109,109,1.1473684210526316,164,69,69,0.7263157894736842,175,80,80,0.8421052631578947,148,53,53,0.5578947368421052
29,75,46,46,1.5862068965517242,88,59,59,2.0344827586206895,70,41,41,1.4137931034482758,64,35,35,1.206896551724138
95,208,113,113,1.1894736842105262,197,102,102,1.0736842105263158,197,102,102,1.0736842105263158,194,99,99,1.0421052631578946
199,450,251,251,1.2613065326633166,307,108,108,0.542713567839196,330,131,131,0.6582914572864321,364,165,165,0.8291457286432161
67,167,100,100,1.492537313432836,174,107,107,1.5970149253731343,184,117,117,1.7462686567164178,174,107,107,1.5970149253731343
105,282,177,177,1.6857142857142857,232,127,127,1.2095238095238094,257,152,152,1.4476190476190476,257,152,152,1.4476190476190476
54,130,76,76,1.4074074074074074,101,47,47,0.8703703703703703,101,47,47,0.8703703703703703,103,49,49,0.9074074074074074
80,191,111,111,1.3875,171,91,91,1.1375,179,99,99,1.2375,179,99,99,1.2375
101,197,96,96,0.9504950495049505,174,73,73,0.7227722772277227,180,79,79,0.7821782178217822,185,84,84,0.8316831683168316
36,86,50,50,1.3888888888888888,86,50,50,1.3888888888888888,85,49,49,1.3611111111111112,90,54,54,1.5
144,282,138,138,0.9583333333333334,269,125,125,0.8680555555555556,229,85,85,0.5902777777777778,242,98,98,0.6805555555555556
32,77,45,45,1.40625,65,33,33,1.03125,63,31,31,0.96875,67,35,35,1.09375
91,140,49,49,0.5384615384615384,153,62,62,0.6813186813186813,136,45,45,0.4945054945054945,153,62,62,0.6813186813186813
119,253,134,134,1.1260504201680672,223,104,104,0.8739495798319328,174,55,55,0.46218487394957986,222,103,103,0.865546218487395
31,59,28,28,0.9032258064516129,54,23,23,0.7419354838709677,48,17,17,0.5483870967741935,60,29,29,0.9354838709677419
50,203,153,153,3.06,156,106,106,2.12,159,109,109,2.18,145,95,95,1.9
57,153,96,96,1.6842105263157894,135,78,78,1.368421052631579,153,96,96,1.6842105263157894,154,97,97,1.7017543859649122
51,141,90,90,1.7647058823529411,127,76,76,1.4901960784313726,149,98,98,1.9215686274509804,141,90,90,1.7647058823529411
63,167,104,104,1.6507936507936507,196,133,133,2.111111111111111,188,125,125,1.9841269841269842,172,109,109,1.7301587301587302
77,300,223,223,2.896103896103896,212,135,135,1.7532467532467533,268,191,191,2.4805194805194803,250,173,173,2.2467532467532467
79,211,132,132,1.6708860759493671,190,111,111,1.4050632911392404,163,84,84,1.0632911392405062,158,79,79,1.0
61,160,99,99,1.6229508196721312,164,103,103,1.6885245901639345,152,91,91,1.4918032786885247,145,84,84,1.3770491803278688
37,80,43,43,1.162162162162162,51,14,14,0.3783783783783784,80,43,43,1.162162162162162,85,48,48,1.2972972972972974
91,221,130,130,1.4285714285714286,233,142,142,1.5604395604395604,242,151,151,1.6593406593406594,196,105,105,1.1538461538461537
97,279,182,182,1.8762886597938144,272,175,175,1.8041237113402062,211,114,114,1.175257731958763,215,118,118,1.2164948453608246
44,88,44,44,1.0,103,59,59,1.3409090909090908,96,52,52,1.1818181818181819,109,65,65,1.4772727272727273
77,152,75,75,0.974025974025974,172,95,95,1.2337662337662338,172,95,95,1.2337662337662338,165,88,88,1.1428571428571428
88,205,117,117,1.3295454545454546,211,123,123,1.3977272727272727,203,115,115,1.3068181818181819,199,111,111,1.2613636363636365
89,239,150,150,1.6853932584269662,271,182,182,2.044943820224719,231,142,142,1.595505617977528,205,116,116,1.303370786516854
64,195,131,131,2.046875,165,101,101,1.578125,179,115,115,1.796875,163,99,99,1.546875
83,285,202,202,2.433734939759036,252,169,169,2.036144578313253,208,125,125,1.5060240963855422,202,119,119,1.4337349397590362
77,190,113,113,1.4675324675324675,179,102,102,1.3246753246753247,187,110,110,1.4285714285714286,176,99,99,1.2857142857142858
104,325,221,221,2.125,242,138,138,1.3269230769230769,294,190,190,1.8269230769230769,244,140,140,1.3461538461538463
102,295,193,193,1.892156862745098,255,153,153,1.5,277,175,175,1.7156862745098038,259,157,157,1.5392156862745099
52,144,92,92,1.7692307692307692,142,90,90,1.7307692307692308,145,93,93,1.7884615384615385,149,97,97,1.8653846153846154
102,229,127,127,1.2450980392156863,226,124,124,1.2156862745098038,226,124,124,1.2156862745098038,208,106,106,1.0392156862745099
56,135,79,79,1.4107142857142858,136,80,80,1.4285714285714286,146,90,90,1.6071428571428572,132,76,76,1.3571428571428572
51,152,101,101,1.9803921568627452,118,67,67,1.3137254901960784,142,91,91,1.7843137254901962,137,86,86,1.6862745098039216
61,186,125,125,2.0491803278688523,186,125,125,2.0491803278688523,174,113,113,1.8524590163934427,161,100,100,1.639344262295082
81,258,177,177,2.185185185185185,245,164,164,2.0246913580246915,254,173,173,2.1358024691358026,215,134,134,1.654320987654321
70,228,158,158,2.257142857142857,240,170,170,2.4285714285714284,283,213,213,3.0428571428571427,195,125,125,1.7857142857142858
56,146,90,90,1.6071428571428572,130,74,74,1.3214285714285714,134,78,78,1.3928571428571428,131,75,75,1.3392857142857142
51,130,79,79,1.5490196078431373,137,86,86,1.6862745098039216,109,58,58,1.1372549019607843,132,81,81,1.588235294117647
64,206,142,142,2.21875,176,112,112,1.75,174,110,110,1.71875,148,84,84,1.3125
52,173,121,121,2.326923076923077,173,121,121,2.326923076923077,194,142,142,2.730769230769231,137,85,85,1.6346153846153846
80,198,118,118,1.475,157,77,77,0.9625,228,148,148,1.85,176,96,96,1.2
88,248,160,160,1.8181818181818181,257,169,169,1.9204545454545454,271,183,183,2.0795454545454546,243,155,155,1.7613636363636365
105,333,228,228,2.1714285714285713,309,204,204,1.9428571428571428,282,177,177,1.6857142857142857,252,147,147,1.4
66,179,113,113,1.7121212121212122,145,79,79,1.196969696969697,180,114,114,1.7272727272727273,171,105,105,1.5909090909090908
49,160,111,111,2.2653061224489797,142,93,93,1.8979591836734695,118,69,69,1.4081632653061225,118,69,69,1.4081632653061225
68,193,125,125,1.838235294117647,207,139,139,2.0441176470588234,173,105,105,1.5441176470588236,180,112,112,1.6470588235294117
101,278,177,177,1.7524752475247525,227,126,126,1.2475247524752475,248,147,147,1.4554455445544554,257,156,156,1.5445544554455446
73,215,142,142,1.9452054794520548,191,118,118,1.6164383561643836,209,136,136,1.8630136986301369,183,110,110,1.5068493150684932
54,204,150,150,2.7777777777777777,184,130,130,2.4074074074074074,161,107,107,1.9814814814814814,158,104,104,1.9259259259259258
80,241,161,161,2.0125,252,172,172,2.15,270,190,190,2.375,225,145,145,1.8125
97,269,172,172,1.7731958762886597,224,127,127,1.309278350515464,235,138,138,1.422680412371134,236,139,139,1.4329896907216495
99,261,162,162,1.6363636363636365,230,131,131,1.3232323232323233,243,144,144,1.4545454545454546,241,142,142,1.4343434343434343
102,332,230,230,2.2549019607843137,253,151,151,1.4803921568627452,273,171,171,1.6764705882352942,267,165,165,1.6176470588235294
74,252,178,178,2.4054054054054053,225,151,151,2.0405405405405403,200,126,126,1.7027027027027026,199,125,125,1.6891891891891893
88,208,120,120,1.3636363636363635,171,83,83,0.9431818181818182,195,107,107,1.2159090909090908,190,102,102,1.1590909090909092
51,147,96,96,1.8823529411764706,137,86,86,1.6862745098039216,137,86,86,1.6862745098039216,147,96,96,1.8823529411764706
49,132,83,83,1.6938775510204083,84,35,35,0.7142857142857143,117,68,68,1.3877551020408163,97,48,48,0.9795918367346939
57,134,77,77,1.3508771929824561,118,61,61,1.0701754385964912,158,101,101,1.7719298245614035,114,57,57,1.0
100,294,194,194,1.94,313,213,213,2.13,312,212,212,2.12,308,208,208,2.08
73,174,101,101,1.3835616438356164,225,152,152,2.0821917808219177,195,122,122,1.6712328767123288,208,135,135,1.8493150684931507
62,173,111,111,1.7903225806451613,151,89,89,1.435483870967742,159,97,97,1.564516129032258,158,96,96,1.5483870967741935
103,265,162,162,1.5728155339805825,246,143,143,1.3883495145631068,280,177,177,1.7184466019417475,278,175,175,1.6990291262135921
84,232,148,148,1.7619047619047619,227,143,143,1.7023809523809523,234,150,150,1.7857142857142858,198,114,114,1.3571428571428572
47,125,78,78,1.6595744680851063,111,64,64,1.3617021276595744,122,75,75,1.5957446808510638,113,66,66,1.4042553191489362
78,189,111,111,1.4230769230769231,213,135,135,1.7307692307692308,229,151,151,1.935897435897436,185,107,107,1.3717948717948718
81,163,82,82,1.0123456790123457,160,79,79,0.9753086419753086,190,109,109,1.345679012345679,168,87,87,1.0740740740740742
65,163,98,98,1.5076923076923077,172,107,107,1.646153846153846,167,102,102,1.5692307692307692,135,70,70,1.0769230769230769
102,280,178,178,1.7450980392156863,290,188,188,1.8431372549019607,250,148,148,1.4509803921568627,232,130,130,1.2745098039215685
68,196,128,128,1.8823529411764706,154,86,86,1.2647058823529411,178,110,110,1.6176470588235294,198,130,130,1.911764705882353
67,177,110,110,1.6417910447761195,195,128,128,1.9104477611940298,176,109,109,1.626865671641791,189,122,122,1.8208955223880596
57,146,89,89,1.5614035087719298,156,99,99,1.736842105263158,167,110,110,1.9298245614035088,164,107,107,1.8771929824561404
50,96,46,46,0.92,101,51,51,1.02,81,31,31,0.62,90,40,40,0.8
89,199,110,110,1.2359550561797752,177,88,88,0.9887640449438202,195,106,106,1.1910112359550562,177,88,88,0.9887640449438202
53,131,78,78,1.471698113207547,127,74,74,1.3962264150943395,129,76,76,1.4339622641509433,126,73,73,1.3773584905660377
81,197,116,116,1.4320987654320987,184,103,103,1.271604938271605,182,101,101,1.2469135802469136,183,102,102,1.2592592592592593
84,221,137,137,1.630952380952381,160,76,76,0.9047619047619048,231,147,147,1.75,178,94,94,1.119047619047619
64,132,68,68,1.0625,133,69,69,1.078125,125,61,61,0.953125,128,64,64,1.0
90,206,116,116,1.288888888888889,251,161,161,1.788888888888889,230,140,140,1.5555555555555556,205,115,115,1.2777777777777777
76,207,131,131,1.7236842105263157,187,111,111,1.4605263157894737,199,123,123,1.618421052631579,185,109,109,1.4342105263157894
60,211,151,151,2.5166666666666666,179,119,119,1.9833333333333334,187,127,127,2.1166666666666667,152,92,92,1.5333333333333334
103,269,166,166,1.6116504854368932,271,168,168,1.6310679611650485,268,165,165,1.6019417475728155,236,133,133,1.2912621359223302
58,137,79,79,1.3620689655172413,126,68,68,1.1724137931034482,153,95,95,1.6379310344827587,118,60,60,1.0344827586206897
70,167,97,97,1.3857142857142857,169,99,99,1.4142857142857144,213,143,143,2.0428571428571427,171,101,101,1.4428571428571428
80,195,115,115,1.4375,201,121,121,1.5125,155,75,75,0.9375,139,59,59,0.7375
70,244,174,174,2.4857142857142858,168,98,98,1.4,234,164,164,2.342857142857143,190,120,120,1.7142857142857142
48,146,98,98,2.0416666666666665,153,105,105,2.1875,148,100,100,2.0833333333333335,147,99,99,2.0625
74,242,168,168,2.27027027027027,179,105,105,1.4189189189189189,208,134,134,1.8108108108108107,197,123,123,1.662162162162162
54,147,93,93,1.7222222222222223,164,110,110,2.037037037037037,117,63,63,1.1666666666666667,133,79,79,1.462962962962963
53,84,31,31,0.5849056603773585,131,78,78,1.471698113207547,107,54,54,1.0188679245283019,101,48,48,0.9056603773584906
53,147,94,94,1.7735849056603774,104,51,51,0.9622641509433962,114,61,61,1.150943396226415,98,45,45,0.8490566037735849
49,145,96,96,1.9591836734693877,141,92,92,1.8775510204081634,131,82,82,1.6734693877551021,122,73,73,1.489795918367347
110,263,153,153,1.3909090909090909,293,183,183,1.6636363636363636,225,115,115,1.0454545454545454,249,139,139,1.2636363636363637
78,277,199,199,2.551282051282051,241,163,163,2.08974358974359,207,129,129,1.6538461538461537,234,156,156,2.0
106,272,166,166,1.5660377358490567,286,180,180,1.6981132075471699,318,212,212,2.0,249,143,143,1.349056603773585
57,182,125,125,2.192982456140351,168,111,111,1.9473684210526316,195,138,138,2.4210526315789473,143,86,86,1.5087719298245614
90,315,225,225,2.5,291,201,201,2.2333333333333334,334,244,244,2.7111111111111112,266,176,176,1.9555555555555555
73,251,178,178,2.4383561643835616,178,105,105,1.4383561643835616,181,108,108,1.4794520547945205,171,98,98,1.3424657534246576
96,280,184,184,1.9166666666666667,263,167,167,1.7395833333333333,281,185,185,1.9270833333333333,257,161,161,1.6770833333333333
74,226,152,152,2.054054054054054,225,151,151,2.0405405405405403,212,138,138,1.864864864864865,223,149,149,2.0135135135135136
47,143,96,96,2.0425531914893615,150,103,103,2.1914893617021276,155,108,108,2.297872340425532,124,77,77,1.6382978723404256
82,234,152,152,1.853658536585366,202,120,120,1.4634146341463414,261,179,179,2.182926829268293,209,127,127,1.548780487804878
89,274,185,185,2.0786516853932584,241,152,152,1.7078651685393258,249,160,160,1.797752808988764,257,168,168,1.8876404494382022
60,154,94,94,1.5666666666666667,139,79,79,1.3166666666666667,174,114,114,1.9,127,67,67,1.1166666666666667
45,111,66,66,1.4666666666666666,119,74,74,1.6444444444444444,148,103,103,2.2888888888888888,129,84,84,1.8666666666666667
72,126,54,54,0.75,125,53,53,0.7361111111111112,93,21,21,0.2916666666666667,114,42,42,0.5833333333333334
68,188,120,120,1.7647058823529411,176,108,108,1.588235294117647,182,114,114,1.6764705882352942,179,111,111,1.6323529411764706
82,154,72,72,0.8780487804878049,179,97,97,1.1829268292682926,174,92,92,1.1219512195121952,172,90,90,1.0975609756097562
53,143,90,90,1.6981132075471699,122,69,69,1.3018867924528301,146,93,93,1.7547169811320755,121,68,68,1.2830188679245282
65,142,77,77,1.1846153846153846,115,50,50,0.7692307692307693,87,22,22,0.3384615384615385,99,34,34,0.5230769230769231
102,281,179,179,1.7549019607843137,203,101,101,0.9901960784313726,245,143,143,1.4019607843137254,236,134,134,1.3137254901960784
44,126,82,82,1.8636363636363635,130,86,86,1.9545454545454546,130,86,86,1.9545454545454546,130,86,86,1.9545454545454546
48,133,85,85,1.7708333333333333,111,63,63,1.3125,88,40,40,0.8333333333333334,94,46,46,0.9583333333333334
63,160,97,97,1.5396825396825398,150,87,87,1.380952380952381,144,81,81,1.2857142857142858,131,68,68,1.0793650793650793
69,146,77,77,1.1159420289855073,154,85,85,1.2318840579710144,174,105,105,1.5217391304347827,149,80,80,1.1594202898550725
103,293,190,190,1.8446601941747574,317,214,214,2.0776699029126213,275,172,172,1.6699029126213591,246,143,143,1.3883495145631068
46,133,87,87,1.891304347826087,141,95,95,2.0652173913043477,126,80,80,1.7391304347826086,107,61,61,1.326086956521739
103,266,163,163,1.5825242718446602,231,128,128,1.2427184466019416,241,138,138,1.3398058252427185,251,148,148,1.4368932038834952
78,218,140,140,1.794871794871795,157,79,79,1.0128205128205128,160,82,82,1.0512820512820513,169,91,91,1.1666666666666667
72,141,69,69,0.9583333333333334,120,48,48,0.6666666666666666,112,40,40,0.5555555555555556,141,69,69,0.9583333333333334
56,153,97,97,1.7321428571428572,130,74,74,1.3214285714285714,134,78,78,1.3928571428571428,123,67,67,1.1964285714285714
56,151,95,95,1.6964285714285714,142,86,86,1.5357142857142858,135,79,79,1.4107142857142858,130,74,74,1.3214285714285714
62,161,99,99,1.596774193548387,146,84,84,1.3548387096774193,174,112,112,1.8064516129032258,161,99,99,1.596774193548387
44,101,57,57,1.2954545454545454,100,56,56,1.2727272727272727,112,68,68,1.5454545454545454,101,57,57,1.2954545454545454
65,154,89,89,1.3692307692307693,187,122,122,1.876923076923077,153,88,88,1.353846153846154,141,76,76,1.1692307692307693
78,243,165,165,2.1153846153846154,206,128,128,1.641025641025641,215,137,137,1.7564102564102564,199,121,121,1.5512820512820513
57,127,70,70,1.2280701754385965,112,55,55,0.9649122807017544,105,48,48,0.8421052631578947,92,35,35,0.6140350877192983
66,154,88,88,1.3333333333333333,128,62,62,0.9393939393939394,121,55,55,0.8333333333333334,100,34,34,0.5151515151515151
83,243,160,160,1.927710843373494,210,127,127,1.5301204819277108,200,117,117,1.4096385542168675,189,106,106,1.2771084337349397
53,113,60,60,1.1320754716981132,93,40,40,0.7547169811320755,110,57,57,1.0754716981132075,107,54,54,1.0188679245283019
75,211,136,136,1.8133333333333332,189,114,114,1.52,201,126,126,1.68,175,100,100,1.3333333333333333
58,145,87,87,1.5,168,110,110,1.896551724137931,152,94,94,1.6206896551724137,136,78,78,1.3448275862068966
57,179,122,122,2.1403508771929824,119,62,62,1.087719298245614,116,59,59,1.0350877192982457,113,56,56,0.9824561403508771
71,193,122,122,1.7183098591549295,174,103,103,1.4507042253521127,178,107,107,1.5070422535211268,154,83,83,1.1690140845070423
57,170,113,113,1.9824561403508771,149,92,92,1.6140350877192982,126,69,69,1.2105263157894737,117,60,60,1.0526315789473684
69,199,130,130,1.8840579710144927,154,85,85,1.2318840579710144,141,72,72,1.0434782608695652,114,45,45,0.6521739130434783
57,157,100,100,1.7543859649122806,131,74,74,1.2982456140350878,159,102,102,1.7894736842105263,119,62,62,1.087719298245614
64,146,82,82,1.28125,155,91,91,1.421875,125,61,61,0.953125,119,55,55,0.859375
58,157,99,99,1.706896551724138,130,72,72,1.2413793103448276,144,86,86,1.4827586206896552,144,86,86,1.4827586206896552
87,225,138,138,1.5862068965517242,175,88,88,1.0114942528735633,201,114,114,1.3103448275862069,215,128,128,1.471264367816092
69,202,133,133,1.9275362318840579,199,130,130,1.8840579710144927,178,109,109,1.5797101449275361,170,101,101,1.463768115942029
75,170,95,95,1.2666666666666666,159,84,84,1.12,157,82,82,1.0933333333333333,163,88,88,1.1733333333333333
66,156,90,90,1.3636363636363635,154,88,88,1.3333333333333333,148,82,82,1.2424242424242424,136,70,70,1.0606060606060606
90,221,131,131,1.4555555555555555,233,143,143,1.5888888888888888,198,108,108,1.2,213,123,123,1.3666666666666667
93,215,122,122,1.3118279569892473,179,86,86,0.9247311827956989,206,113,113,1.2150537634408602,170,77,77,0.8279569892473119
98,295,197,197,2.010204081632653,237,139,139,1.4183673469387754,251,153,153,1.5612244897959184,242,144,144,1.469387755102041
76,208,132,132,1.736842105263158,197,121,121,1.5921052631578947,213,137,137,1.8026315789473684,207,131,131,1.7236842105263157
100,270,170,170,1.7,241,141,141,1.41,236,136,136,1.36,265,165,165,1.65
91,252,161,161,1.7692307692307692,230,139,139,1.5274725274725274,205,114,114,1.2527472527472527,209,118,118,1.2967032967032968
105,213,108,108,1.0285714285714285,255,150,150,1.4285714285714286,251,146,146,1.3904761904761904,231,126,126,1.2
61,221,160,160,2.622950819672131,183,122,122,2.0,146,85,85,1.3934426229508197,132,71,71,1.1639344262295082
75,178,103,103,1.3733333333333333,208,133,133,1.7733333333333334,143,68,68,0.9066666666666666,160,85,85,1.1333333333333333
53,137,84,84,1.5849056603773586,119,66,66,1.2452830188679245,112,59,59,1.1132075471698113,119,66,66,1.2452830188679245
96,351,255,255,2.65625,251,155,155,1.6145833333333333,321,225,225,2.34375,253,157,157,1.6354166666666667
84,280,196,196,2.3333333333333335,218,134,134,1.5952380952380953,230,146,146,1.7380952380952381,241,157,157,1.869047619047619
78,260,182,182,2.3333333333333335,208,130,130,1.6666666666666667,213,135,135,1.7307692307692308,182,104,104,1.3333333333333333
72,161,89,89,1.2361111111111112,179,107,107,1.4861111111111112,180,108,108,1.5,173,101,101,1.4027777777777777
77,191,114,114,1.4805194805194806,197,120,120,1.5584415584415585,166,89,89,1.155844155844156,187,110,110,1.4285714285714286
61,155,94,94,1.540983606557377,150,89,89,1.459016393442623,168,107,107,1.7540983606557377,147,86,86,1.4098360655737705
66,178,112,112,1.696969696969697,173,107,107,1.621212121212121,165,99,99,1.5,160,94,94,1.4242424242424243
60,132,72,72,1.2,228,168,168,2.8,130,70,70,1.1666666666666667,109,49,49,0.8166666666666667
75,273,198,198,2.64,236,161,161,2.1466666666666665,190,115,115,1.5333333333333334,181,106,106,1.4133333333333333
50,163,113,113,2.26,113,63,63,1.26,137,87,87,1.74,120,70,70,1.4
67,256,189,189,2.8208955223880596,200,133,133,1.9850746268656716,209,142,142,2.1194029850746268,171,104,104,1.5522388059701493
93,267,174,174,1.8709677419354838,308,215,215,2.3118279569892475,326,233,233,2.5053763440860215,274,181,181,1.946236559139785
54,166,112,112,2.074074074074074,147,93,93,1.7222222222222223,144,90,90,1.6666666666666667,131,77,77,1.4259259259259258
98,383,285,285,2.9081632653061225,331,233,233,2.377551020408163,354,256,256,2.6122448979591835,264,166,166,1.6938775510204083
104,302,198,198,1.9038461538461537,251,147,147,1.4134615384615385,254,150,150,1.4423076923076923,258,154,154,1.4807692307692308
14,29,15,15,1.0714285714285714,28,14,14,1.0,29,15,15,1.0714285714285714,30,16,16,1.1428571428571428
55,164,109,109,1.981818181818182,126,71,71,1.290909090909091,117,62,62,1.1272727272727272,139,84,84,1.5272727272727273
60,114,54,54,0.9,140,80,80,1.3333333333333333,124,64,64,1.0666666666666667,109,49,49,0.8166666666666667
100,195,95,95,0.95,190,90,90,0.9,180,80,80,0.8,177,77,77,0.77
97,247,150,150,1.5463917525773196,240,143,143,1.4742268041237114,243,146,146,1.5051546391752577,221,124,124,1.2783505154639174
94,146,52,52,0.5531914893617021,181,87,87,0.925531914893617,194,100,100,1.0638297872340425,175,81,81,0.8617021276595744
56,131,75,75,1.3392857142857142,137,81,81,1.4464285714285714,123,67,67,1.1964285714285714,127,71,71,1.2678571428571428
97,203,106,106,1.092783505154639,270,173,173,1.7835051546391754,215,118,118,1.2164948453608246,205,108,108,1.1134020618556701
95,238,143,143,1.5052631578947369,179,84,84,0.8842105263157894,205,110,110,1.1578947368421053,191,96,96,1.0105263157894737
45,132,87,87,1.9333333333333333,117,72,72,1.6,115,70,70,1.5555555555555556,110,65,65,1.4444444444444444
106,255,149,149,1.4056603773584906,296,190,190,1.7924528301886793,288,182,182,1.7169811320754718,251,145,145,1.3679245283018868
83,164,81,81,0.9759036144578314,172,89,89,1.072289156626506,216,133,133,1.6024096385542168,204,121,121,1.4578313253012047
64,146,82,82,1.28125,156,92,92,1.4375,151,87,87,1.359375,132,68,68,1.0625
91,245,154,154,1.6923076923076923,277,186,186,2.043956043956044,190,99,99,1.0879120879120878,152,61,61,0.6703296703296703
67,153,86,86,1.2835820895522387,168,101,101,1.507462686567164,174,107,107,1.5970149253731343,132,65,65,0.9701492537313433
50,96,46,46,0.92,96,46,46,0.92,91,41,41,0.82,76,26,26,0.52
66,166,100,100,1.5151515151515151,128,62,62,0.9393939393939394,92,26,26,0.3939393939393939,120,54,54,0.8181818181818182
74,136,62,62,0.8378378378378378,124,50,50,0.6756756756756757,137,63,63,0.8513513513513513,124,50,50,0.6756756756756757
70,206,136,136,1.9428571428571428,192,122,122,1.7428571428571429,176,106,106,1.5142857142857142,137,67,67,0.9571428571428572
73,167,94,94,1.2876712328767124,134,61,61,0.8356164383561644,134,61,61,0.8356164383561644,128,55,55,0.7534246575342466
62,160,98,98,1.5806451612903225,161,99,99,1.596774193548387,135,73,73,1.1774193548387097,147,85,85,1.3709677419354838
60,171,111,111,1.85,166,106,106,1.7666666666666666,171,111,111,1.85,152,92,92,1.5333333333333334
72,235,163,163,2.263888888888889,170,98,98,1.3611111111111112,226,154,154,2.138888888888889,175,103,103,1.4305555555555556
52,90,38,38,0.7307692307692307,121,69,69,1.3269230769230769,136,84,84,1.6153846153846154,123,71,71,1.3653846153846154
46,124,78,78,1.6956521739130435,111,65,65,1.4130434782608696,118,72,72,1.565217391304348,98,52,52,1.1304347826086956
105,199,94,94,0.8952380952380953,299,194,194,1.8476190476190477,232,127,127,1.2095238095238094,236,131,131,1.2476190476190476
55,135,80,80,1.4545454545454546,151,96,96,1.7454545454545454,147,92,92,1.6727272727272726,147,92,92,1.6727272727272726
52,116,64,64,1.2307692307692308,129,77,77,1.4807692307692308,145,93,93,1.7884615384615385,119,67,67,1.2884615384615385
71,158,87,87,1.2253521126760563,157,86,86,1.2112676056338028,149,78,78,1.0985915492957747,150,79,79,1.1126760563380282
96,256,160,160,1.6666666666666667,279,183,183,1.90625,164,68,68,0.7083333333333334,218,122,122,1.2708333333333333
69,204,135,135,1.9565217391304348,197,128,128,1.855072463768116,177,108,108,1.565217391304348,164,95,95,1.3768115942028984
89,221,132,132,1.4831460674157304,224,135,135,1.5168539325842696,202,113,113,1.2696629213483146,199,110,110,1.2359550561797752
89,198,109,109,1.2247191011235956,190,101,101,1.1348314606741574,199,110,110,1.2359550561797752,184,95,95,1.0674157303370786
66,133,67,67,1.0151515151515151,161,95,95,1.4393939393939394,154,88,88,1.3333333333333333,129,63,63,0.9545454545454546
82,221,139,139,1.6951219512195121,241,159,159,1.9390243902439024,258,176,176,2.1463414634146343,237,155,155,1.8902439024390243
74,185,111,111,1.5,151,77,77,1.0405405405405406,180,106,106,1.4324324324324325,140,66,66,0.8918918918918919
88,266,178,178,2.022727272727273,189,101,101,1.1477272727272727,238,150,150,1.7045454545454546,261,173,173,1.9659090909090908
57,195,138,138,2.4210526315789473,175,118,118,2.0701754385964914,224,167,167,2.9298245614035086,144,87,87,1.5263157894736843
98,303,205,205,2.0918367346938775,220,122,122,1.2448979591836735,294,196,196,2.0,252,154,154,1.5714285714285714
114,312,198,198,1.736842105263158,307,193,193,1.6929824561403508,238,124,124,1.087719298245614,263,149,149,1.3070175438596492
98,311,213,213,2.173469387755102,248,150,150,1.530612244897959,309,211,211,2.1530612244897958,279,181,181,1.846938775510204
44,97,53,53,1.2045454545454546,106,62,62,1.4090909090909092,120,76,76,1.7272727272727273,108,64,64,1.4545454545454546
96,276,180,180,1.875,204,108,108,1.125,210,114,114,1.1875,195,99,99,1.03125
80,215,135,135,1.6875,203,123,123,1.5375,196,116,116,1.45,188,108,108,1.35
107,304,197,197,1.841121495327103,261,154,154,1.439252336448598,299,192,192,1.794392523364486,248,141,141,1.3177570093457944
46,105,59,59,1.2826086956521738,90,44,44,0.9565217391304348,104,58,58,1.2608695652173914,70,24,24,0.5217391304347826
47,145,98,98,2.0851063829787235,116,69,69,1.4680851063829787,123,76,76,1.6170212765957446,102,55,55,1.1702127659574468
76,200,124,124,1.631578947368421,180,104,104,1.368421052631579,192,116,116,1.5263157894736843,170,94,94,1.236842105263158
52,161,109,109,2.0961538461538463,136,84,84,1.6153846153846154,128,76,76,1.4615384615384615,127,75,75,1.4423076923076923
51,129,78,78,1.5294117647058822,123,72,72,1.411764705882353,122,71,71,1.392156862745098,90,39,39,0.7647058823529411
38,131,93,93,2.4473684210526314,159,121,121,3.1842105263157894,111,73,73,1.9210526315789473,90,52,52,1.368421052631579
73,255,182,182,2.493150684931507,234,161,161,2.2054794520547945,188,115,115,1.5753424657534247,192,119,119,1.63013698630137
74,256,182,182,2.4594594594594597,255,181,181,2.445945945945946,230,156,156,2.108108108108108,215,141,141,1.9054054054054055
85,198,113,113,1.3294117647058823,229,144,144,1.6941176470588235,226,141,141,1.6588235294117648,230,145,145,1.7058823529411764
89,202,113,113,1.2696629213483146,208,119,119,1.3370786516853932,171,82,82,0.9213483146067416,166,77,77,0.8651685393258427
82,147,65,65,0.7926829268292683,158,76,76,0.926829268292683,178,96,96,1.170731707317073,162,80,80,0.975609756097561
90,222,132,132,1.4666666666666666,216,126,126,1.4,204,114,114,1.2666666666666666,154,64,64,0.7111111111111111
52,142,90,90,1.7307692307692308,142,90,90,1.7307692307692308,116,64,64,1.2307692307692308,103,51,51,0.9807692307692307
83,225,142,142,1.7108433734939759,211,128,128,1.5421686746987953,158,75,75,0.9036144578313253,185,102,102,1.2289156626506024
103,243,140,140,1.3592233009708738,257,154,154,1.4951456310679612,242,139,139,1.3495145631067962,210,107,107,1.0388349514563107
59,159,100,100,1.694915254237288,138,79,79,1.3389830508474576,143,84,84,1.423728813559322,124,65,65,1.1016949152542372
52,123,71,71,1.3653846153846154,122,70,70,1.3461538461538463,113,61,61,1.1730769230769231,128,76,76,1.4615384615384615
47,186,139,139,2.9574468085106385,138,91,91,1.9361702127659575,150,103,103,2.1914893617021276,137,90,90,1.9148936170212767
69,185,116,116,1.681159420289855,182,113,113,1.6376811594202898,188,119,119,1.7246376811594204,163,94,94,1.3623188405797102
49,171,122,122,2.489795918367347,153,104,104,2.122448979591837,125,76,76,1.5510204081632653,138,89,89,1.816326530612245
77,153,76,76,0.987012987012987,140,63,63,0.8181818181818182,151,74,74,0.961038961038961,142,65,65,0.8441558441558441
94,196,102,102,1.0851063829787233,226,132,132,1.4042553191489362,163,69,69,0.7340425531914894,168,74,74,0.7872340425531915
100,242,142,142,1.42,206,106,106,1.06,188,88,88,0.88,172,72,72,0.72
78,155,77,77,0.9871794871794872,163,85,85,1.0897435897435896,141,63,63,0.8076923076923077,156,78,78,1.0
45,104,59,59,1.3111111111111111,97,52,52,1.1555555555555554,95,50,50,1.1111111111111112,77,32,32,0.7111111111111111
105,239,134,134,1.276190476190476,259,154,154,1.4666666666666666,206,101,101,0.9619047619047619,238,133,133,1.2666666666666666
73,180,107,107,1.4657534246575343,183,110,110,1.5068493150684932,174,101,101,1.3835616438356164,171,98,98,1.3424657534246576
43,109,66,66,1.5348837209302326,94,51,51,1.186046511627907,100,57,57,1.3255813953488371,94,51,51,1.186046511627907
96,215,119,119,1.2395833333333333,214,118,118,1.2291666666666667,167,71,71,0.7395833333333334,164,68,68,0.7083333333333334
58,126,68,68,1.1724137931034482,120,62,62,1.0689655172413792,109,51,51,0.8793103448275862,120,62,62,1.0689655172413792
80,162,82,82,1.025,143,63,63,0.7875,147,67,67,0.8375,134,54,54,0.675
86,171,85,85,0.9883720930232558,170,84,84,0.9767441860465116,183,97,97,1.127906976744186,139,53,53,0.6162790697674418
75,121,46,46,0.6133333333333333,135,60,60,0.8,114,39,39,0.52,141,66,66,0.88
79,151,72,72,0.9113924050632911,126,47,47,0.5949367088607594,155,76,76,0.9620253164556962,137,58,58,0.7341772151898734
49,96,47,47,0.9591836734693877,123,74,74,1.510204081632653,127,78,78,1.5918367346938775,89,40,40,0.8163265306122449
102,197,95,95,0.9313725490196079,190,88,88,0.8627450980392157,169,67,67,0.6568627450980392,185,83,83,0.8137254901960784
102,249,147,147,1.4411764705882353,221,119,119,1.1666666666666667,226,124,124,1.2156862745098038,207,105,105,1.0294117647058822
62,149,87,87,1.403225806451613,154,92,92,1.4838709677419355,162,100,100,1.6129032258064515,165,103,103,1.6612903225806452
61,155,94,94,1.540983606557377,145,84,84,1.3770491803278688,153,92,92,1.5081967213114753,158,97,97,1.5901639344262295
80,192,112,112,1.4,187,107,107,1.3375,185,105,105,1.3125,184,104,104,1.3
57,76,19,19,0.3333333333333333,85,28,28,0.49122807017543857,101,44,44,0.7719298245614035,78,21,21,0.3684210526315789
92,208,116,116,1.2608695652173914,154,62,62,0.6739130434782609,202,110,110,1.1956521739130435,187,95,95,1.0326086956521738
58,106,48,48,0.8275862068965517,106,48,48,0.8275862068965517,106,48,48,0.8275862068965517,113,55,55,0.9482758620689655
79,237,158,158,2.0,245,166,166,2.1012658227848102,222,143,143,1.8101265822784811,212,133,133,1.6835443037974684
49,105,56,56,1.1428571428571428,110,61,61,1.2448979591836735,125,76,76,1.5510204081632653,136,87,87,1.7755102040816326
57,218,161,161,2.824561403508772,237,180,180,3.1578947368421053,185,128,128,2.245614035087719,110,53,53,0.9298245614035088
103,254,151,151,1.4660194174757282,226,123,123,1.1941747572815533,250,147,147,1.4271844660194175,238,135,135,1.3106796116504855
100,376,276,276,2.76,349,249,249,2.49,334,234,234,2.34,271,171,171,1.71
46,145,99,99,2.152173913043478,111,65,65,1.4130434782608696,140,94,94,2.0434782608695654,107,61,61,1.326086956521739
58,120,62,62,1.0689655172413792,121,63,63,1.0862068965517242,123,65,65,1.1206896551724137,127,69,69,1.1896551724137931
52,139,87,87,1.6730769230769231,124,72,72,1.3846153846153846,144,92,92,1.7692307692307692,158,106,106,2.0384615384615383
58,192,134,134,2.310344827586207,157,99,99,1.706896551724138,159,101,101,1.7413793103448276,155,97,97,1.6724137931034482
48,112,64,64,1.3333333333333333,104,56,56,1.1666666666666667,114,66,66,1.375,112,64,64,1.3333333333333333
40,120,80,80,2.0,89,49,49,1.225,115,75,75,1.875,102,62,62,1.55
83,210,127,127,1.5301204819277108,252,169,169,2.036144578313253,182,99,99,1.1927710843373494,169,86,86,1.036144578313253
60,151,91,91,1.5166666666666666,125,65,65,1.0833333333333333,137,77,77,1.2833333333333334,124,64,64,1.0666666666666667
87,257,170,170,1.9540229885057472,233,146,146,1.6781609195402298,242,155,155,1.7816091954022988,214,127,127,1.4597701149425288
88,261,173,173,1.9659090909090908,263,175,175,1.9886363636363635,215,127,127,1.4431818181818181,228,140,140,1.5909090909090908
74,131,57,57,0.7702702702702703,145,71,71,0.9594594594594594,131,57,57,0.7702702702702703,159,85,85,1.1486486486486487
50,132,82,82,1.64,115,65,65,1.3,123,73,73,1.46,118,68,68,1.36
73,200,127,127,1.7397260273972603,161,88,88,1.2054794520547945,160,87,87,1.1917808219178083,169,96,96,1.3150684931506849
62,157,95,95,1.532258064516129,143,81,81,1.3064516129032258,142,80,80,1.2903225806451613,148,86,86,1.3870967741935485
51,122,71,71,1.392156862745098,85,34,34,0.6666666666666666,110,59,59,1.1568627450980393,116,65,65,1.2745098039215685
78,169,91,91,1.1666666666666667,155,77,77,0.9871794871794872,160,82,82,1.0512820512820513,153,75,75,0.9615384615384616
63,124,61,61,0.9682539682539683,151,88,88,1.3968253968253967,133,70,70,1.1111111111111112,131,68,68,1.0793650793650793
93,214,121,121,1.3010752688172043,196,103,103,1.10752688172043,188,95,95,1.021505376344086,215,122,122,1.3118279569892473
92,176,84,84,0.9130434782608695,169,77,77,0.8369565217391305,171,79,79,0.8586956521739131,205,113,113,1.2282608695652173
73,218,145,145,1.9863013698630136,228,155,155,2.1232876712328768,168,95,95,1.3013698630136987,172,99,99,1.356164383561644
52,131,79,79,1.5192307692307692,141,89,89,1.7115384615384615,129,77,77,1.4807692307692308,138,86,86,1.6538461538461537
49,131,82,82,1.6734693877551021,119,70,70,1.4285714285714286,131,82,82,1.6734693877551021,139,90,90,1.836734693877551
67,157,90,90,1.3432835820895523,136,69,69,1.0298507462686568,155,88,88,1.3134328358208955,133,66,66,0.9850746268656716
39,86,47,47,1.205128205128205,130,91,91,2.3333333333333335,118,79,79,2.0256410256410255,113,74,74,1.8974358974358974
132,455,323,323,2.446969696969697,344,212,212,1.606060606060606,439,307,307,2.3257575757575757,404,272,272,2.0606060606060606
81,211,130,130,1.6049382716049383,182,101,101,1.2469135802469136,150,69,69,0.8518518518518519,142,61,61,0.7530864197530864
50,96,46,46,0.92,104,54,54,1.08,90,40,40,0.8,84,34,34,0.68
86,260,174,174,2.0232558139534884,203,117,117,1.3604651162790697,197,111,111,1.2906976744186047,261,175,175,2.0348837209302326
62,139,77,77,1.2419354838709677,118,56,56,0.9032258064516129,176,114,114,1.8387096774193548,148,86,86,1.3870967741935485
64,191,127,127,1.984375,146,82,82,1.28125,174,110,110,1.71875,171,107,107,1.671875
100,302,202,202,2.02,252,152,152,1.52,208,108,108,1.08,248,148,148,1.48
56,164,108,108,1.9285714285714286,158,102,102,1.8214285714285714,160,104,104,1.8571428571428572,129,73,73,1.3035714285714286
55,155,100,100,1.8181818181818181,131,76,76,1.3818181818181818,151,96,96,1.7454545454545454,133,78,78,1.4181818181818182
89,260,171,171,1.9213483146067416,242,153,153,1.7191011235955056,279,190,190,2.134831460674157,180,91,91,1.0224719101123596
56,144,88,88,1.5714285714285714,134,78,78,1.3928571428571428,137,81,81,1.4464285714285714,138,82,82,1.4642857142857142
113,287,174,174,1.5398230088495575,263,150,150,1.3274336283185841,299,186,186,1.6460176991150441,253,140,140,1.238938053097345
48,154,106,106,2.2083333333333335,116,68,68,1.4166666666666667,119,71,71,1.4791666666666667,112,64,64,1.3333333333333333
82,224,142,142,1.7317073170731707,247,165,165,2.0121951219512195,267,185,185,2.2560975609756095,220,138,138,1.6829268292682926
87,211,124,124,1.4252873563218391,270,183,183,2.103448275862069,222,135,135,1.5517241379310345,224,137,137,1.5747126436781609
83,200,117,117,1.4096385542168675,200,117,117,1.4096385542168675,169,86,86,1.036144578313253,198,115,115,1.3855421686746987
58,180,122,122,2.103448275862069,183,125,125,2.1551724137931036,205,147,147,2.5344827586206895,178,120,120,2.0689655172413794
47,123,76,76,1.6170212765957446,117,70,70,1.4893617021276595,112,65,65,1.3829787234042554,117,70,70,1.4893617021276595
69,175,106,106,1.536231884057971,141,72,72,1.0434782608695652,153,84,84,1.2173913043478262,144,75,75,1.0869565217391304
52,103,51,51,0.9807692307692307,125,73,73,1.4038461538461537,110,58,58,1.1153846153846154,105,53,53,1.0192307692307692
83,248,165,165,1.9879518072289157,172,89,89,1.072289156626506,189,106,106,1.2771084337349397,195,112,112,1.3493975903614457
68,210,142,142,2.088235294117647,122,54,54,0.7941176470588235,128,60,60,0.8823529411764706,106,38,38,0.5588235294117647
81,267,186,186,2.2962962962962963,272,191,191,2.3580246913580245,213,132,132,1.6296296296296295,212,131,131,1.617283950617284
99,257,158,158,1.595959595959596,290,191,191,1.9292929292929293,290,191,191,1.9292929292929293,249,150,150,1.5151515151515151
83,220,137,137,1.6506024096385543,128,45,45,0.5421686746987951,208,125,125,1.5060240963855422,144,61,61,0.7349397590361446
77,217,140,140,1.8181818181818181,182,105,105,1.3636363636363635,224,147,147,1.9090909090909092,189,112,112,1.4545454545454546
113,342,229,229,2.0265486725663715,235,122,122,1.079646017699115,291,178,178,1.575221238938053,287,174,174,1.5398230088495575
58,221,163,163,2.810344827586207,207,149,149,2.5689655172413794,193,135,135,2.3275862068965516,117,59,59,1.0172413793103448
54,132,78,78,1.4444444444444444,133,79,79,1.462962962962963,147,93,93,1.7222222222222223,139,85,85,1.5740740740740742
94,271,177,177,1.8829787234042554,261,167,167,1.7765957446808511,293,199,199,2.117021276595745,239,145,145,1.5425531914893618
66,176,110,110,1.6666666666666667,194,128,128,1.9393939393939394,240,174,174,2.6363636363636362,184,118,118,1.7878787878787878
55,163,108,108,1.9636363636363636,136,81,81,1.4727272727272727,157,102,102,1.8545454545454545,135,80,80,1.4545454545454546
61,193,132,132,2.1639344262295084,163,102,102,1.6721311475409837,154,93,93,1.5245901639344261,158,97,97,1.5901639344262295
53,136,83,83,1.5660377358490567,142,89,89,1.679245283018868,164,111,111,2.0943396226415096,130,77,77,1.4528301886792452
52,120,68,68,1.3076923076923077,127,75,75,1.4423076923076923,157,105,105,2.019230769230769,115,63,63,1.2115384615384615
88,206,118,118,1.3409090909090908,253,165,165,1.875,223,135,135,1.5340909090909092,219,131,131,1.4886363636363635
73,224,151,151,2.0684931506849313,217,144,144,1.9726027397260273,194,121,121,1.6575342465753424,197,124,124,1.6986301369863013
76,223,147,147,1.9342105263157894,193,117,117,1.5394736842105263,195,119,119,1.5657894736842106,162,86,86,1.131578947368421
62,143,81,81,1.3064516129032258,96,34,34,0.5483870967741935,116,54,54,0.8709677419354839,122,60,60,0.967741935483871
58,157,99,99,1.706896551724138,134,76,76,1.3103448275862069,156,98,98,1.6896551724137931,140,82,82,1.4137931034482758
44,112,68,68,1.5454545454545454,97,53,53,1.2045454545454546,97,53,53,1.2045454545454546,74,30,30,0.6818181818181818
82,231,149,149,1.8170731707317074,206,124,124,1.5121951219512195,188,106,106,1.2926829268292683,168,86,86,1.048780487804878
80,268,188,188,2.35,230,150,150,1.875,251,171,171,2.1375,245,165,165,2.0625
46,70,24,24,0.5217391304347826,59,13,13,0.2826086956521739,74,28,28,0.6086956521739131,101,55,55,1.1956521739130435
45,104,59,59,1.3111111111111111,96,51,51,1.1333333333333333,111,66,66,1.4666666666666666,101,56,56,1.2444444444444445
70,141,71,71,1.0142857142857142,159,89,89,1.2714285714285714,144,74,74,1.0571428571428572,126,56,56,0.8
50,134,84,84,1.68,99,49,49,0.98,107,57,57,1.14,97,47,47,0.94
73,172,99,99,1.356164383561644,152,79,79,1.082191780821918,158,85,85,1.1643835616438356,168,95,95,1.3013698630136987
68,166,98,98,1.4411764705882353,152,84,84,1.2352941176470589,148,80,80,1.1764705882352942,154,86,86,1.2647058823529411
74,158,84,84,1.135135135135135,166,92,92,1.2432432432432432,151,77,77,1.0405405405405406,151,77,77,1.0405405405405406
55,146,91,91,1.6545454545454545,120,65,65,1.1818181818181819,124,69,69,1.2545454545454546,122,67,67,1.2181818181818183
49,101,52,52,1.0612244897959184,98,49,49,1.0,106,57,57,1.163265306122449,100,51,51,1.0408163265306123
95,219,124,124,1.305263157894737,192,97,97,1.0210526315789474,188,93,93,0.9789473684210527,187,92,92,0.968421052631579
47,100,53,53,1.127659574468085,95,48,48,1.0212765957446808,85,38,38,0.8085106382978723,84,37,37,0.7872340425531915
52,95,43,43,0.8269230769230769,92,40,40,0.7692307692307693,89,37,37,0.7115384615384616,83,31,31,0.5961538461538461
96,135,39,39,0.40625,186,90,90,0.9375,171,75,75,0.78125,181,85,85,0.8854166666666666
73,144,71,71,0.9726027397260274,144,71,71,0.9726027397260274,135,62,62,0.8493150684931506,129,56,56,0.7671232876712328
48,100,52,52,1.0833333333333333,121,73,73,1.5208333333333333,121,73,73,1.5208333333333333,108,60,60,1.25
56,122,66,66,1.1785714285714286,123,67,67,1.1964285714285714,119,63,63,1.125,128,72,72,1.2857142857142858
45,122,77,77,1.711111111111111,101,56,56,1.2444444444444445,92,47,47,1.0444444444444445,83,38,38,0.8444444444444444
46,112,66,66,1.434782608695652,114,68,68,1.4782608695652173,115,69,69,1.5,109,63,63,1.3695652173913044
47,116,69,69,1.4680851063829787,112,65,65,1.3829787234042554,107,60,60,1.2765957446808511,85,38,38,0.8085106382978723
66,127,61,61,0.9242424242424242,141,75,75,1.1363636363636365,161,95,95,1.4393939393939394,133,67,67,1.0151515151515151
85,186,101,101,1.188235294117647,166,81,81,0.9529411764705882,126,41,41,0.4823529411764706,179,94,94,1.1058823529411765
54,107,53,53,0.9814814814814815,109,55,55,1.0185185185185186,87,33,33,0.6111111111111112,100,46,46,0.8518518518518519
51,111,60,60,1.1764705882352942,105,54,54,1.0588235294117647,101,50,50,0.9803921568627451,107,56,56,1.0980392156862746
76,153,77,77,1.013157894736842,180,104,104,1.368421052631579,142,66,66,0.868421052631579,142,66,66,0.868421052631579
85,149,64,64,0.7529411764705882,167,82,82,0.9647058823529412,149,64,64,0.7529411764705882,166,81,81,0.9529411764705882
91,164,73,73,0.8021978021978022,174,83,83,0.9120879120879121,168,77,77,0.8461538461538461,144,53,53,0.5824175824175825
56,129,73,73,1.3035714285714286,150,94,94,1.6785714285714286,126,70,70,1.25,127,71,71,1.2678571428571428
80,192,112,112,1.4,132,52,52,0.65,131,51,51,0.6375,139,59,59,0.7375
48,127,79,79,1.6458333333333333,142,94,94,1.9583333333333333,133,85,85,1.7708333333333333,117,69,69,1.4375
49,149,100,100,2.0408163265306123,160,111,111,2.2653061224489797,150,101,101,2.061224489795918,150,101,101,2.061224489795918
68,157,89,89,1.3088235294117647,167,99,99,1.4558823529411764,163,95,95,1.3970588235294117,159,91,91,1.338235294117647
55,143,88,88,1.6,132,77,77,1.4,139,84,84,1.5272727272727273,113,58,58,1.0545454545454545
90,199,109,109,1.211111111111111,195,105,105,1.1666666666666667,197,107,107,1.1888888888888889,209,119,119,1.3222222222222222
71,195,124,124,1.7464788732394365,174,103,103,1.4507042253521127,154,83,83,1.1690140845070423,138,67,67,0.9436619718309859
63,119,56,56,0.8888888888888888,160,97,97,1.5396825396825398,131,68,68,1.0793650793650793,144,81,81,1.2857142857142858
81,169,88,88,1.0864197530864197,167,86,86,1.0617283950617284,153,72,72,0.8888888888888888,161,80,80,0.9876543209876543
86,211,125,125,1.4534883720930232,186,100,100,1.1627906976744187,150,64,64,0.7441860465116279,169,83,83,0.9651162790697675
63,146,83,83,1.3174603174603174,139,76,76,1.2063492063492063,138,75,75,1.1904761904761905,128,65,65,1.0317460317460319
84,184,100,100,1.1904761904761905,212,128,128,1.5238095238095237,189,105,105,1.25,202,118,118,1.4047619047619047
76,223,147,147,1.9342105263157894,172,96,96,1.263157894736842,219,143,143,1.881578947368421,194,118,118,1.5526315789473684
77,171,94,94,1.2207792207792207,185,108,108,1.4025974025974026,223,146,146,1.896103896103896,212,135,135,1.7532467532467533
81,277,196,196,2.419753086419753,208,127,127,1.5679012345679013,221,140,140,1.728395061728395,198,117,117,1.4444444444444444
89,228,139,139,1.5617977528089888,245,156,156,1.752808988764045,176,87,87,0.9775280898876404,205,116,116,1.303370786516854
55,230,175,175,3.1818181818181817,137,82,82,1.490909090909091,183,128,128,2.327272727272727,117,62,62,1.1272727272727272
82,218,136,136,1.6585365853658536,170,88,88,1.0731707317073171,186,104,104,1.2682926829268293,126,44,44,0.5365853658536586
75,188,113,113,1.5066666666666666,176,101,101,1.3466666666666667,138,63,63,0.84,165,90,90,1.2
43,105,62,62,1.441860465116279,88,45,45,1.0465116279069768,98,55,55,1.2790697674418605,100,57,57,1.3255813953488371
76,178,102,102,1.3421052631578947,196,120,120,1.5789473684210527,187,111,111,1.4605263157894737,147,71,71,0.9342105263157895
65,166,101,101,1.5538461538461539,182,117,117,1.8,141,76,76,1.1692307692307693,155,90,90,1.3846153846153846
62,140,78,78,1.2580645161290323,101,39,39,0.6290322580645161,100,38,38,0.6129032258064516,116,54,54,0.8709677419354839
46,112,66,66,1.434782608695652,117,71,71,1.5434782608695652,124,78,78,1.6956521739130435,88,42,42,0.9130434782608695
66,137,71,71,1.0757575757575757,150,84,84,1.2727272727272727,114,48,48,0.7272727272727273,130,64,64,0.9696969696969697
75,210,135,135,1.8,187,112,112,1.4933333333333334,176,101,101,1.3466666666666667,187,112,112,1.4933333333333334
95,278,183,183,1.9263157894736842,258,163,163,1.7157894736842105,243,148,148,1.5578947368421052,250,155,155,1.631578947368421
103,246,143,143,1.3883495145631068,284,181,181,1.7572815533980584,266,163,163,1.5825242718446602,225,122,122,1.1844660194174756
73,226,153,153,2.095890410958904,184,111,111,1.5205479452054795,172,99,99,1.356164383561644,170,97,97,1.3287671232876712
57,126,69,69,1.2105263157894737,122,65,65,1.1403508771929824,166,109,109,1.912280701754386,148,91,91,1.5964912280701755
44,172,128,128,2.909090909090909,122,78,78,1.7727272727272727,170,126,126,2.8636363636363638,135,91,91,2.0681818181818183
97,191,94,94,0.9690721649484536,215,118,118,1.2164948453608246,220,123,123,1.268041237113402,208,111,111,1.1443298969072164
102,295,193,193,1.892156862745098,238,136,136,1.3333333333333333,281,179,179,1.7549019607843137,220,118,118,1.1568627450980393
76,212,136,136,1.7894736842105263,140,64,64,0.8421052631578947,158,82,82,1.0789473684210527,147,71,71,0.9342105263157895
58,169,111,111,1.9137931034482758,128,70,70,1.206896551724138,153,95,95,1.6379310344827587,107,49,49,0.8448275862068966
68,177,109,109,1.6029411764705883,151,83,83,1.2205882352941178,154,86,86,1.2647058823529411,141,73,73,1.0735294117647058
65,154,89,89,1.3692307692307693,127,62,62,0.9538461538461539,94,29,29,0.4461538461538462,101,36,36,0.5538461538461539
46,118,72,72,1.565217391304348,96,50,50,1.0869565217391304,106,60,60,1.3043478260869565,87,41,41,0.8913043478260869
66,162,96,96,1.4545454545454546,113,47,47,0.7121212121212122,190,124,124,1.878787878787879,159,93,93,1.4090909090909092
93,196,103,103,1.10752688172043,148,55,55,0.5913978494623656,167,74,74,0.7956989247311828,166,73,73,0.7849462365591398
102,209,107,107,1.0490196078431373,196,94,94,0.9215686274509803,198,96,96,0.9411764705882353,193,91,91,0.8921568627450981
52,105,53,53,1.0192307692307692,122,70,70,1.3461538461538463,118,66,66,1.2692307692307692,118,66,66,1.2692307692307692
92,251,159,159,1.7282608695652173,202,110,110,1.1956521739130435,234,142,142,1.5434782608695652,215,123,123,1.3369565217391304
49,141,92,92,1.8775510204081634,122,73,73,1.489795918367347,119,70,70,1.4285714285714286,117,68,68,1.3877551020408163
58,169,111,111,1.9137931034482758,181,123,123,2.1206896551724137,106,48,48,0.8275862068965517,113,55,55,0.9482758620689655
46,130,84,84,1.826086956521739,133,87,87,1.891304347826087,139,93,93,2.0217391304347827,123,77,77,1.673913043478261
57,146,89,89,1.5614035087719298,123,66,66,1.1578947368421053,140,83,83,1.456140350877193,134,77,77,1.3508771929824561
65,220,155,155,2.3846153846153846,170,105,105,1.6153846153846154,211,146,146,2.246153846153846,181,116,116,1.7846153846153847
69,225,156,156,2.260869565217391,173,104,104,1.5072463768115942,200,131,131,1.8985507246376812,145,76,76,1.1014492753623188
77,196,119,119,1.5454545454545454,190,113,113,1.4675324675324675,189,112,112,1.4545454545454546,198,121,121,1.5714285714285714
70,210,140,140,2.0,169,99,99,1.4142857142857144,212,142,142,2.0285714285714285,194,124,124,1.7714285714285714
55,129,74,74,1.3454545454545455,122,67,67,1.2181818181818183,116,61,61,1.1090909090909091,127,72,72,1.309090909090909
52,179,127,127,2.4423076923076925,161,109,109,2.0961538461538463,177,125,125,2.4038461538461537,159,107,107,2.0576923076923075
51,113,62,62,1.2156862745098038,111,60,60,1.1764705882352942,113,62,62,1.2156862745098038,104,53,53,1.0392156862745099
56,156,100,100,1.7857142857142858,144,88,88,1.5714285714285714,141,85,85,1.5178571428571428,136,80,80,1.4285714285714286
96,201,105,105,1.09375,193,97,97,1.0104166666666667,181,85,85,0.8854166666666666,195,99,99,1.03125
108,220,112,112,1.037037037037037,202,94,94,0.8703703703703703,194,86,86,0.7962962962962963,189,81,81,0.75
58,147,89,89,1.5344827586206897,116,58,58,1.0,128,70,70,1.206896551724138,127,69,69,1.1896551724137931
47,133,86,86,1.8297872340425532,124,77,77,1.6382978723404256,108,61,61,1.297872340425532,122,75,75,1.5957446808510638
59,159,100,100,1.694915254237288,152,93,93,1.576271186440678,151,92,92,1.5593220338983051,138,79,79,1.3389830508474576
48,159,111,111,2.3125,123,75,75,1.5625,149,101,101,2.1041666666666665,152,104,104,2.1666666666666665
48,145,97,97,2.0208333333333335,142,94,94,1.9583333333333333,137,89,89,1.8541666666666667,138,90,90,1.875
79,188,109,109,1.379746835443038,180,101,101,1.2784810126582278,193,114,114,1.4430379746835442,153,74,74,0.9367088607594937
110,272,162,162,1.4727272727272727,258,148,148,1.3454545454545455,237,127,127,1.1545454545454545,232,122,122,1.1090909090909091
47,93,46,46,0.9787234042553191,143,96,96,2.0425531914893615,124,77,77,1.6382978723404256,114,67,67,1.425531914893617
50,115,65,65,1.3,157,107,107,2.14,166,116,116,2.32,127,77,77,1.54
74,201,127,127,1.7162162162162162,193,119,119,1.6081081081081081,194,120,120,1.6216216216216217,202,128,128,1.7297297297297298
94,181,87,87,0.925531914893617,180,86,86,0.9148936170212766,218,124,124,1.3191489361702127,167,73,73,0.776595744680851
107,191,84,84,0.7850467289719626,278,171,171,1.5981308411214954,282,175,175,1.6355140186915889,252,145,145,1.355140186915888
63,149,86,86,1.3650793650793651,150,87,87,1.380952380952381,142,79,79,1.253968253968254,134,71,71,1.126984126984127
60,176,116,116,1.9333333333333333,165,105,105,1.75,127,67,67,1.1166666666666667,126,66,66,1.1
29,75,46,46,1.5862068965517242,67,38,38,1.3103448275862069,82,53,53,1.8275862068965518,70,41,41,1.4137931034482758
61,147,86,86,1.4098360655737705,147,86,86,1.4098360655737705,161,100,100,1.639344262295082,152,91,91,1.4918032786885247
77,186,109,109,1.4155844155844155,224,147,147,1.9090909090909092,218,141,141,1.8311688311688312,204,127,127,1.6493506493506493
69,187,118,118,1.710144927536232,147,78,78,1.1304347826086956,188,119,119,1.7246376811594204,156,87,87,1.2608695652173914
28,86,58,58,2.0714285714285716,56,28,28,1.0,58,30,30,1.0714285714285714,66,38,38,1.3571428571428572
57,142,85,85,1.4912280701754386,142,85,85,1.4912280701754386,148,91,91,1.5964912280701755,142,85,85,1.4912280701754386
47,118,71,71,1.5106382978723405,145,98,98,2.0851063829787235,129,82,82,1.7446808510638299,117,70,70,1.4893617021276595
55,102,47,47,0.8545454545454545,93,38,38,0.6909090909090909,108,53,53,0.9636363636363636,88,33,33,0.6
66,176,110,110,1.6666666666666667,192,126,126,1.9090909090909092,175,109,109,1.6515151515151516,161,95,95,1.4393939393939394
54,112,58,58,1.0740740740740742,103,49,49,0.9074074074074074,100,46,46,0.8518518518518519,97,43,43,0.7962962962962963
71,185,114,114,1.6056338028169015,145,74,74,1.0422535211267605,158,87,87,1.2253521126760563,166,95,95,1.3380281690140845
67,131,64,64,0.9552238805970149,108,41,41,0.6119402985074627,130,63,63,0.9402985074626866,106,39,39,0.582089552238806
73,163,90,90,1.2328767123287672,170,97,97,1.3287671232876712,175,102,102,1.3972602739726028,146,73,73,1.0
48,138,90,90,1.875,90,42,42,0.875,126,78,78,1.625,121,73,73,1.5208333333333333
45,100,55,55,1.2222222222222223,106,61,61,1.3555555555555556,85,40,40,0.8888888888888888,94,49,49,1.0888888888888888
90,221,131,131,1.4555555555555555,219,129,129,1.4333333333333333,191,101,101,1.1222222222222222,152,62,62,0.6888888888888889
110,195,85,85,0.7727272727272727,199,89,89,0.8090909090909091,188,78,78,0.7090909090909091,181,71,71,0.6454545454545455
48,86,38,38,0.7916666666666666,87,39,39,0.8125,92,44,44,0.9166666666666666,91,43,43,0.8958333333333334
76,178,102,102,1.3421052631578947,174,98,98,1.2894736842105263,154,78,78,1.0263157894736843,159,83,83,1.0921052631578947
55,200,145,145,2.6363636363636362,146,91,91,1.6545454545454545,140,85,85,1.5454545454545454,160,105,105,1.9090909090909092
57,165,108,108,1.894736842105263,150,93,93,1.631578947368421,176,119,119,2.087719298245614,182,125,125,2.192982456140351
58,189,131,131,2.2586206896551726,170,112,112,1.9310344827586208,171,113,113,1.9482758620689655,147,89,89,1.5344827586206897
86,297,211,211,2.453488372093023,248,162,162,1.8837209302325582,225,139,139,1.6162790697674418,231,145,145,1.686046511627907
55,153,98,98,1.7818181818181817,166,111,111,2.018181818181818,178,123,123,2.2363636363636363,159,104,104,1.8909090909090909
90,238,148,148,1.6444444444444444,220,130,130,1.4444444444444444,194,104,104,1.1555555555555554,226,136,136,1.511111111111111
80,185,105,105,1.3125,231,151,151,1.8875,222,142,142,1.775,216,136,136,1.7
63,147,84,84,1.3333333333333333,85,22,22,0.3492063492063492,145,82,82,1.3015873015873016,112,49,49,0.7777777777777778
45,75,30,30,0.6666666666666666,69,24,24,0.5333333333333333,61,16,16,0.35555555555555557,53,8,8,0.17777777777777778
88,204,116,116,1.3181818181818181,198,110,110,1.25,231,143,143,1.625,192,104,104,1.1818181818181819
53,147,94,94,1.7735849056603774,131,78,78,1.471698113207547,133,80,80,1.509433962264151,141,88,88,1.6603773584905661
103,336,233,233,2.262135922330097,284,181,181,1.7572815533980584,290,187,187,1.8155339805825244,278,175,175,1.6990291262135921
49,138,89,89,1.816326530612245,110,61,61,1.2448979591836735,126,77,77,1.5714285714285714,114,65,65,1.3265306122448979
51,132,81,81,1.588235294117647,115,64,64,1.2549019607843137,151,100,100,1.9607843137254901,122,71,71,1.392156862745098
59,162,103,103,1.7457627118644068,183,124,124,2.1016949152542375,166,107,107,1.8135593220338984,157,98,98,1.6610169491525424
47,109,62,62,1.3191489361702127,111,64,64,1.3617021276595744,93,46,46,0.9787234042553191,109,62,62,1.3191489361702127
49,84,35,35,0.7142857142857143,123,74,74,1.510204081632653,99,50,50,1.0204081632653061,99,50,50,1.0204081632653061
86,231,145,145,1.686046511627907,206,120,120,1.3953488372093024,204,118,118,1.372093023255814,193,107,107,1.244186046511628
69,170,101,101,1.463768115942029,147,78,78,1.1304347826086956,162,93,93,1.3478260869565217,165,96,96,1.391304347826087
69,161,92,92,1.3333333333333333,133,64,64,0.927536231884058,163,94,94,1.3623188405797102,153,84,84,1.2173913043478262
45,137,92,92,2.0444444444444443,137,92,92,2.0444444444444443,129,84,84,1.8666666666666667,114,69,69,1.5333333333333334
63,117,54,54,0.8571428571428571,120,57,57,0.9047619047619048,139,76,76,1.2063492063492063,119,56,56,0.8888888888888888
48,116,68,68,1.4166666666666667,99,51,51,1.0625,100,52,52,1.0833333333333333,92,44,44,0.9166666666666666
74,163,89,89,1.2027027027027026,148,74,74,1.0,162,88,88,1.1891891891891893,144,70,70,0.9459459459459459
56,132,76,76,1.3571428571428572,126,70,70,1.25,139,83,83,1.4821428571428572,125,69,69,1.2321428571428572
52,100,48,48,0.9230769230769231,90,38,38,0.7307692307692307,100,48,48,0.9230769230769231,99,47,47,0.9038461538461539
49,122,73,73,1.489795918367347,116,67,67,1.3673469387755102,90,41,41,0.8367346938775511,96,47,47,0.9591836734693877
53,149,96,96,1.8113207547169812,116,63,63,1.1886792452830188,137,84,84,1.5849056603773586,131,78,78,1.471698113207547
50,110,60,60,1.2,95,45,45,0.9,100,50,50,1.0,88,38,38,0.76
51,127,76,76,1.4901960784313726,145,94,94,1.8431372549019607,117,66,66,1.2941176470588236,107,56,56,1.0980392156862746
77,210,133,133,1.7272727272727273,193,116,116,1.5064935064935066,183,106,106,1.3766233766233766,155,78,78,1.0129870129870129
50,150,100,100,2.0,117,67,67,1.34,124,74,74,1.48,120,70,70,1.4
50,143,93,93,1.86,135,85,85,1.7,133,83,83,1.66,116,66,66,1.32
88,194,106,106,1.2045454545454546,210,122,122,1.3863636363636365,194,106,106,1.2045454545454546,182,94,94,1.0681818181818181
54,115,61,61,1.1296296296296295,122,68,68,1.2592592592592593,112,58,58,1.0740740740740742,105,51,51,0.9444444444444444
58,139,81,81,1.396551724137931,143,85,85,1.4655172413793103,164,106,106,1.8275862068965518,152,94,94,1.6206896551724137
65,143,78,78,1.2,115,50,50,0.7692307692307693,110,45,45,0.6923076923076923,116,51,51,0.7846153846153846
61,144,83,83,1.360655737704918,116,55,55,0.9016393442622951,146,85,85,1.3934426229508197,147,86,86,1.4098360655737705
53,90,37,37,0.6981132075471698,120,67,67,1.2641509433962264,106,53,53,1.0,88,35,35,0.660377358490566
82,168,86,86,1.048780487804878,185,103,103,1.2560975609756098,184,102,102,1.2439024390243902,178,96,96,1.170731707317073
58,133,75,75,1.293103448275862,153,95,95,1.6379310344827587,138,80,80,1.3793103448275863,112,54,54,0.9310344827586207
49,146,97,97,1.9795918367346939,91,42,42,0.8571428571428571,119,70,70,1.4285714285714286,107,58,58,1.183673469387755
104,259,155,155,1.4903846153846154,212,108,108,1.0384615384615385,253,149,149,1.4326923076923077,203,99,99,0.9519230769230769
76,187,111,111,1.4605263157894737,179,103,103,1.355263157894737,152,76,76,1.0,177,101,101,1.3289473684210527
52,150,98,98,1.8846153846153846,108,56,56,1.0769230769230769,143,91,91,1.75,132,80,80,1.5384615384615385
63,215,152,152,2.4126984126984126,146,83,83,1.3174603174603174,192,129,129,2.0476190476190474,169,106,106,1.6825396825396826
49,109,60,60,1.2244897959183674,118,69,69,1.4081632653061225,147,98,98,2.0,121,72,72,1.469387755102041
47,98,51,51,1.0851063829787233,100,53,53,1.127659574468085,116,69,69,1.4680851063829787,121,74,74,1.574468085106383
86,261,175,175,2.0348837209302326,261,175,175,2.0348837209302326,230,144,144,1.6744186046511629,225,139,139,1.6162790697674418
57,135,78,78,1.368421052631579,126,69,69,1.2105263157894737,134,77,77,1.3508771929824561,134,77,77,1.3508771929824561
84,202,118,118,1.4047619047619047,200,116,116,1.380952380952381,148,64,64,0.7619047619047619,176,92,92,1.0952380952380953
63,206,143,143,2.2698412698412698,167,104,104,1.6507936507936507,188,125,125,1.9841269841269842,197,134,134,2.126984126984127
64,167,103,103,1.609375,155,91,91,1.421875,164,100,100,1.5625,137,73,73,1.140625
89,199,110,110,1.2359550561797752,305,216,216,2.4269662921348316,205,116,116,1.303370786516854,217,128,128,1.4382022471910112
92,218,126,126,1.3695652173913044,240,148,148,1.608695652173913,234,142,142,1.5434782608695652,217,125,125,1.358695652173913
79,173,94,94,1.1898734177215189,191,112,112,1.4177215189873418,182,103,103,1.3037974683544304,166,87,87,1.1012658227848102
30,97,67,67,2.2333333333333334,71,41,41,1.3666666666666667,82,52,52,1.7333333333333334,64,34,34,1.1333333333333333
65,210,145,145,2.230769230769231,157,92,92,1.4153846153846155,148,83,83,1.2769230769230768,101,36,36,0.5538461538461539
90,210,120,120,1.3333333333333333,206,116,116,1.288888888888889,172,82,82,0.9111111111111111,199,109,109,1.211111111111111
77,158,81,81,1.051948051948052,158,81,81,1.051948051948052,154,77,77,1.0,166,89,89,1.155844155844156
50,80,30,30,0.6,90,40,40,0.8,92,42,42,0.84,91,41,41,0.82
59,111,52,52,0.8813559322033898,138,79,79,1.3389830508474576,122,63,63,1.0677966101694916,105,46,46,0.7796610169491526
107,233,126,126,1.1775700934579438,274,167,167,1.560747663551402,233,126,126,1.1775700934579438,195,88,88,0.822429906542056
49,189,140,140,2.857142857142857,149,100,100,2.0408163265306123,139,90,90,1.836734693877551,137,88,88,1.7959183673469388
75,170,95,95,1.2666666666666666,183,108,108,1.44,174,99,99,1.32,153,78,78,1.04
54,161,107,107,1.9814814814814814,129,75,75,1.3888888888888888,143,89,89,1.6481481481481481,146,92,92,1.7037037037037037
105,288,183,183,1.7428571428571429,278,173,173,1.6476190476190475,272,167,167,1.5904761904761904,233,128,128,1.2190476190476192
91,279,188,188,2.065934065934066,269,178,178,1.956043956043956,295,204,204,2.241758241758242,276,185,185,2.032967032967033
81,292,211,211,2.6049382716049383,208,127,127,1.5679012345679013,234,153,153,1.8888888888888888,208,127,127,1.5679012345679013
66,194,128,128,1.9393939393939394,159,93,93,1.4090909090909092,177,111,111,1.6818181818181819,179,113,113,1.7121212121212122
95,255,160,160,1.6842105263157894,241,146,146,1.5368421052631578,272,177,177,1.8631578947368421,254,159,159,1.6736842105263159
52,180,128,128,2.4615384615384617,170,118,118,2.269230769230769,131,79,79,1.5192307692307692,111,59,59,1.1346153846153846
47,138,91,91,1.9361702127659575,110,63,63,1.3404255319148937,127,80,80,1.702127659574468,124,77,77,1.6382978723404256
95,209,114,114,1.2,154,59,59,0.6210526315789474,164,69,69,0.7263157894736842,187,92,92,0.968421052631579
59,157,98,98,1.6610169491525424,108,49,49,0.8305084745762712,147,88,88,1.4915254237288136,131,72,72,1.2203389830508475
51,113,62,62,1.2156862745098038,100,49,49,0.9607843137254902,96,45,45,0.8823529411764706,100,49,49,0.9607843137254902
53,132,79,79,1.490566037735849,104,51,51,0.9622641509433962,127,74,74,1.3962264150943395,114,61,61,1.150943396226415
66,222,156,156,2.3636363636363638,166,100,100,1.5151515151515151,140,74,74,1.121212121212121,119,53,53,0.803030303030303
89,227,138,138,1.550561797752809,203,114,114,1.2808988764044944,219,130,130,1.4606741573033708,212,123,123,1.3820224719101124
71,157,86,86,1.2112676056338028,119,48,48,0.676056338028169,114,43,43,0.6056338028169014,127,56,56,0.7887323943661971
53,112,59,59,1.1132075471698113,103,50,50,0.9433962264150944,103,50,50,0.9433962264150944,109,56,56,1.0566037735849056
59,143,84,84,1.423728813559322,135,76,76,1.2881355932203389,130,71,71,1.2033898305084745,134,75,75,1.271186440677966
55,151,96,96,1.7454545454545454,122,67,67,1.2181818181818183,120,65,65,1.1818181818181819,116,61,61,1.1090909090909091
90,240,150,150,1.6666666666666667,190,100,100,1.1111111111111112,246,156,156,1.7333333333333334,206,116,116,1.288888888888889
39,112,73,73,1.8717948717948718,128,89,89,2.282051282051282,105,66,66,1.6923076923076923,111,72,72,1.8461538461538463
87,281,194,194,2.2298850574712645,245,158,158,1.8160919540229885,256,169,169,1.9425287356321839,248,161,161,1.8505747126436782
45,133,88,88,1.9555555555555555,122,77,77,1.711111111111111,135,90,90,2.0,112,67,67,1.488888888888889
63,161,98,98,1.5555555555555556,133,70,70,1.1111111111111112,167,104,104,1.6507936507936507,160,97,97,1.5396825396825398
76,255,179,179,2.3552631578947367,235,159,159,2.0921052631578947,217,141,141,1.855263157894737,165,89,89,1.1710526315789473
48,157,109,109,2.2708333333333335,102,54,54,1.125,183,135,135,2.8125,122,74,74,1.5416666666666667
46,140,94,94,2.0434782608695654,132,86,86,1.8695652173913044,139,93,93,2.0217391304347827,121,75,75,1.6304347826086956
37,139,102,102,2.7567567567567566,107,70,70,1.8918918918918919,93,56,56,1.5135135135135136,68,31,31,0.8378378378378378
56,166,110,110,1.9642857142857142,155,99,99,1.7678571428571428,152,96,96,1.7142857142857142,144,88,88,1.5714285714285714
29,130,101,101,3.4827586206896552,112,83,83,2.8620689655172415,95,66,66,2.2758620689655173,100,71,71,2.4482758620689653
40,111,71,71,1.775,127,87,87,2.175,122,82,82,2.05,111,71,71,1.775
95,279,184,184,1.936842105263158,203,108,108,1.1368421052631579,272,177,177,1.8631578947368421,227,132,132,1.3894736842105264
53,151,98,98,1.849056603773585,125,72,72,1.3584905660377358,145,92,92,1.7358490566037736,143,90,90,1.6981132075471699
88,250,162,162,1.8409090909090908,204,116,116,1.3181818181818181,274,186,186,2.1136363636363638,221,133,133,1.5113636363636365
56,151,95,95,1.6964285714285714,148,92,92,1.6428571428571428,149,93,93,1.6607142857142858,153,97,97,1.7321428571428572
93,237,144,144,1.5483870967741935,256,163,163,1.7526881720430108,223,130,130,1.3978494623655915,199,106,106,1.1397849462365592
83,216,133,133,1.6024096385542168,225,142,142,1.7108433734939759,243,160,160,1.927710843373494,225,142,142,1.7108433734939759
63,197,134,134,2.126984126984127,217,154,154,2.4444444444444446,207,144,144,2.2857142857142856,207,144,144,2.2857142857142856
66,176,110,110,1.6666666666666667,219,153,153,2.3181818181818183,178,112,112,1.696969696969697,177,111,111,1.6818181818181819
94,189,95,95,1.0106382978723405,209,115,115,1.2234042553191489,172,78,78,0.8297872340425532,223,129,129,1.372340425531915
108,331,223,223,2.064814814814815,304,196,196,1.8148148148148149,316,208,208,1.9259259259259258,284,176,176,1.6296296296296295
60,208,148,148,2.466666666666667,183,123,123,2.05,194,134,134,2.2333333333333334,153,93,93,1.55
86,230,144,144,1.6744186046511629,196,110,110,1.2790697674418605,173,87,87,1.0116279069767442,203,117,117,1.3604651162790697
70,168,98,98,1.4,139,69,69,0.9857142857142858,157,87,87,1.2428571428571429,141,71,71,1.0142857142857142
81,205,124,124,1.5308641975308641,145,64,64,0.7901234567901234,189,108,108,1.3333333333333333,148,67,67,0.8271604938271605
80,162,82,82,1.025,148,68,68,0.85,120,40,40,0.5,121,41,41,0.5125
91,230,139,139,1.5274725274725274,222,131,131,1.4395604395604396,236,145,145,1.5934065934065933,223,132,132,1.4505494505494505
82,181,99,99,1.2073170731707317,186,104,104,1.2682926829268293,204,122,122,1.4878048780487805,182,100,100,1.2195121951219512
81,199,118,118,1.4567901234567902,171,90,90,1.1111111111111112,171,90,90,1.1111111111111112,183,102,102,1.2592592592592593
101,187,86,86,0.8514851485148515,180,79,79,0.7821782178217822,220,119,119,1.1782178217821782,147,46,46,0.45544554455445546
100,242,142,142,1.42,258,158,158,1.58,205,105,105,1.05,230,130,130,1.3
89,211,122,122,1.3707865168539326,216,127,127,1.4269662921348314,170,81,81,0.9101123595505618,175,86,86,0.9662921348314607
35,138,103,103,2.942857142857143,117,82,82,2.342857142857143,129,94,94,2.6857142857142855,97,62,62,1.7714285714285714
65,224,159,159,2.4461538461538463,159,94,94,1.4461538461538461,160,95,95,1.4615384615384615,110,45,45,0.6923076923076923
58,158,100,100,1.7241379310344827,149,91,91,1.5689655172413792,170,112,112,1.9310344827586208,140,82,82,1.4137931034482758
50,119,69,69,1.38,108,58,58,1.16,105,55,55,1.1,95,45,45,0.9
109,286,177,177,1.6238532110091743,260,151,151,1.385321100917431,232,123,123,1.128440366972477,226,117,117,1.073394495412844
36,96,60,60,1.6666666666666667,112,76,76,2.111111111111111,141,105,105,2.9166666666666665,86,50,50,1.3888888888888888
28,82,54,54,1.9285714285714286,47,19,19,0.6785714285714286,75,47,47,1.6785714285714286,52,24,24,0.8571428571428571
24,64,40,40,1.6666666666666667,54,30,30,1.25,55,31,31,1.2916666666666667,55,31,31,1.2916666666666667
54,116,62,62,1.1481481481481481,92,38,38,0.7037037037037037,112,58,58,1.0740740740740742,97,43,43,0.7962962962962963
62,153,91,91,1.467741935483871,157,95,95,1.532258064516129,160,98,98,1.5806451612903225,143,81,81,1.3064516129032258
71,191,120,120,1.6901408450704225,213,142,142,2.0,211,140,140,1.971830985915493,126,55,55,0.7746478873239436
81,208,127,127,1.5679012345679013,201,120,120,1.4814814814814814,202,121,121,1.4938271604938271,184,103,103,1.271604938271605
79,133,54,54,0.6835443037974683,175,96,96,1.2151898734177216,151,72,72,0.9113924050632911,162,83,83,1.0506329113924051
78,192,114,114,1.4615384615384615,166,88,88,1.1282051282051282,179,101,101,1.294871794871795,137,59,59,0.7564102564102564
75,162,87,87,1.16,137,62,62,0.8266666666666667,139,64,64,0.8533333333333334,153,78,78,1.04
56,167,111,111,1.9821428571428572,152,96,96,1.7142857142857142,143,87,87,1.5535714285714286,149,93,93,1.6607142857142858
38,110,72,72,1.894736842105263,127,89,89,2.3421052631578947,135,97,97,2.5526315789473686,101,63,63,1.6578947368421053
49,112,63,63,1.2857142857142858,124,75,75,1.530612244897959,107,58,58,1.183673469387755,100,51,51,1.0408163265306123
60,194,134,134,2.2333333333333334,185,125,125,2.0833333333333335,189,129,129,2.15,166,106,106,1.7666666666666666
69,221,152,152,2.2028985507246377,220,151,151,2.1884057971014492,226,157,157,2.2753623188405796,178,109,109,1.5797101449275361
87,198,111,111,1.2758620689655173,194,107,107,1.2298850574712643,157,70,70,0.8045977011494253,201,114,114,1.3103448275862069
101,304,203,203,2.00990099009901,278,177,177,1.7524752475247525,305,204,204,2.01980198019802,272,171,171,1.693069306930693
65,207,142,142,2.1846153846153844,180,115,115,1.7692307692307692,182,117,117,1.8,177,112,112,1.7230769230769232
85,229,144,144,1.6941176470588235,187,102,102,1.2,188,103,103,1.2117647058823529,164,79,79,0.9294117647058824
87,187,100,100,1.1494252873563218,246,159,159,1.8275862068965518,218,131,131,1.5057471264367817,215,128,128,1.471264367816092
79,238,159,159,2.0126582278481013,229,150,150,1.8987341772151898,239,160,160,2.0253164556962027,210,131,131,1.6582278481012658
73,194,121,121,1.6575342465753424,190,117,117,1.6027397260273972,205,132,132,1.8082191780821917,206,133,133,1.821917808219178
60,197,137,137,2.283333333333333,200,140,140,2.3333333333333335,177,117,117,1.95,161,101,101,1.6833333333333333
42,108,66,66,1.5714285714285714,102,60,60,1.4285714285714286,110,68,68,1.619047619047619,110,68,68,1.619047619047619
35,116,81,81,2.3142857142857145,118,83,83,2.3714285714285714,87,52,52,1.4857142857142858,75,40,40,1.1428571428571428
47,103,56,56,1.1914893617021276,104,57,57,1.2127659574468086,95,48,48,1.0212765957446808,86,39,39,0.8297872340425532
83,234,151,151,1.819277108433735,210,127,127,1.5301204819277108,206,123,123,1.4819277108433735,187,104,104,1.2530120481927711
102,254,152,152,1.4901960784313726,226,124,124,1.2156862745098038,271,169,169,1.6568627450980393,236,134,134,1.3137254901960784
82,257,175,175,2.1341463414634148,165,83,83,1.0121951219512195,182,100,100,1.2195121951219512,204,122,122,1.4878048780487805
68,214,146,146,2.1470588235294117,141,73,73,1.0735294117647058,184,116,116,1.7058823529411764,163,95,95,1.3970588235294117
49,155,106,106,2.163265306122449,138,89,89,1.816326530612245,145,96,96,1.9591836734693877,106,57,57,1.163265306122449
86,232,146,146,1.697674418604651,184,98,98,1.1395348837209303,197,111,111,1.2906976744186047,208,122,122,1.4186046511627908
75,223,148,148,1.9733333333333334,261,186,186,2.48,231,156,156,2.08,163,88,88,1.1733333333333333
103,319,216,216,2.0970873786407767,291,188,188,1.825242718446602,286,183,183,1.7766990291262137,250,147,147,1.4271844660194175
46,126,80,80,1.7391304347826086,118,72,72,1.565217391304348,111,65,65,1.4130434782608696,113,67,67,1.4565217391304348
97,260,163,163,1.6804123711340206,250,153,153,1.577319587628866,286,189,189,1.9484536082474226,231,134,134,1.3814432989690721
82,223,141,141,1.7195121951219512,218,136,136,1.6585365853658536,244,162,162,1.975609756097561,187,105,105,1.2804878048780488
93,218,125,125,1.3440860215053763,219,126,126,1.3548387096774193,237,144,144,1.5483870967741935,209,116,116,1.2473118279569892
79,246,167,167,2.1139240506329116,178,99,99,1.2531645569620253,210,131,131,1.6582278481012658,197,118,118,1.4936708860759493
75,215,140,140,1.8666666666666667,106,31,31,0.41333333333333333,267,192,192,2.56,128,53,53,0.7066666666666667
69,227,158,158,2.289855072463768,186,117,117,1.6956521739130435,208,139,139,2.0144927536231885,168,99,99,1.434782608695652
61,133,72,72,1.180327868852459,130,69,69,1.1311475409836065,110,49,49,0.8032786885245902,129,68,68,1.1147540983606556
83,248,165,165,1.9879518072289157,259,176,176,2.1204819277108435,266,183,183,2.2048192771084336,211,128,128,1.5421686746987953
104,322,218,218,2.0961538461538463,281,177,177,1.7019230769230769,333,229,229,2.201923076923077,311,207,207,1.9903846153846154
61,149,88,88,1.4426229508196722,137,76,76,1.2459016393442623,139,78,78,1.278688524590164,129,68,68,1.1147540983606556
88,221,133,133,1.5113636363636365,219,131,131,1.4886363636363635,252,164,164,1.8636363636363635,220,132,132,1.5
53,137,84,84,1.5849056603773586,156,103,103,1.9433962264150944,168,115,115,2.169811320754717,161,108,108,2.0377358490566038
78,240,162,162,2.076923076923077,199,121,121,1.5512820512820513,243,165,165,2.1153846153846154,206,128,128,1.641025641025641
106,284,178,178,1.679245283018868,294,188,188,1.7735849056603774,296,190,190,1.7924528301886793,270,164,164,1.5471698113207548
94,346,252,252,2.6808510638297873,238,144,144,1.5319148936170213,281,187,187,1.9893617021276595,273,179,179,1.9042553191489362
50,97,47,47,0.94,148,98,98,1.96,115,65,65,1.3,110,60,60,1.2
69,231,162,162,2.347826086956522,196,127,127,1.8405797101449275,243,174,174,2.5217391304347827,200,131,131,1.8985507246376812
68,182,114,114,1.6764705882352942,217,149,149,2.1911764705882355,196,128,128,1.8823529411764706,178,110,110,1.6176470588235294
100,290,190,190,1.9,264,164,164,1.64,288,188,188,1.88,251,151,151,1.51
80,214,134,134,1.675,192,112,112,1.4,174,94,94,1.175,187,107,107,1.3375
68,122,54,54,0.7941176470588235,141,73,73,1.0735294117647058,136,68,68,1.0,150,82,82,1.2058823529411764
78,174,96,96,1.2307692307692308,175,97,97,1.2435897435897436,156,78,78,1.0,151,73,73,0.9358974358974359
66,154,88,88,1.3333333333333333,156,90,90,1.3636363636363635,152,86,86,1.303030303030303,156,90,90,1.3636363636363635
57,157,100,100,1.7543859649122806,145,88,88,1.543859649122807,154,97,97,1.7017543859649122,130,73,73,1.280701754385965
54,120,66,66,1.2222222222222223,113,59,59,1.0925925925925926,121,67,67,1.2407407407407407,111,57,57,1.0555555555555556
46,91,45,45,0.9782608695652174,100,54,54,1.173913043478261,102,56,56,1.2173913043478262,77,31,31,0.6739130434782609
74,181,107,107,1.445945945945946,167,93,93,1.2567567567567568,169,95,95,1.2837837837837838,158,84,84,1.135135135135135
86,221,135,135,1.569767441860465,206,120,120,1.3953488372093024,192,106,106,1.2325581395348837,180,94,94,1.0930232558139534
65,241,176,176,2.707692307692308,210,145,145,2.230769230769231,237,172,172,2.646153846153846,189,124,124,1.9076923076923078
66,197,131,131,1.9848484848484849,200,134,134,2.0303030303030303,231,165,165,2.5,191,125,125,1.893939393939394
56,192,136,136,2.4285714285714284,180,124,124,2.2142857142857144,194,138,138,2.4642857142857144,151,95,95,1.6964285714285714
68,192,124,124,1.8235294117647058,163,95,95,1.3970588235294117,131,63,63,0.9264705882352942,136,68,68,1.0
60,130,70,70,1.1666666666666667,181,121,121,2.0166666666666666,218,158,158,2.6333333333333333,185,125,125,2.0833333333333335
63,145,82,82,1.3015873015873016,164,101,101,1.6031746031746033,134,71,71,1.126984126984127,148,85,85,1.3492063492063493
86,200,114,114,1.3255813953488371,265,179,179,2.0813953488372094,230,144,144,1.6744186046511629,201,115,115,1.3372093023255813
58,119,61,61,1.0517241379310345,118,60,60,1.0344827586206897,166,108,108,1.8620689655172413,133,75,75,1.293103448275862
46,142,96,96,2.0869565217391304,139,93,93,2.0217391304347827,120,74,74,1.608695652173913,108,62,62,1.3478260869565217
42,94,52,52,1.2380952380952381,98,56,56,1.3333333333333333,110,68,68,1.619047619047619,90,48,48,1.1428571428571428
84,190,106,106,1.2619047619047619,158,74,74,0.8809523809523809,231,147,147,1.75,145,61,61,0.7261904761904762
78,207,129,129,1.6538461538461537,177,99,99,1.2692307692307692,192,114,114,1.4615384615384615,157,79,79,1.0128205128205128
43,114,71,71,1.6511627906976745,88,45,45,1.0465116279069768,122,79,79,1.8372093023255813,100,57,57,1.3255813953488371
48,111,63,63,1.3125,139,91,91,1.8958333333333333,107,59,59,1.2291666666666667,116,68,68,1.4166666666666667
86,284,198,198,2.302325581395349,213,127,127,1.4767441860465116,275,189,189,2.197674418604651,205,119,119,1.3837209302325582
81,167,86,86,1.0617283950617284,191,110,110,1.3580246913580247,176,95,95,1.1728395061728396,181,100,100,1.2345679012345678
48,133,85,85,1.7708333333333333,139,91,91,1.8958333333333333,171,123,123,2.5625,131,83,83,1.7291666666666667
78,208,130,130,1.6666666666666667,187,109,109,1.3974358974358974,207,129,129,1.6538461538461537,202,124,124,1.5897435897435896
71,204,133,133,1.8732394366197183,167,96,96,1.352112676056338,175,104,104,1.4647887323943662,188,117,117,1.647887323943662
82,234,152,152,1.853658536585366,204,122,122,1.4878048780487805,168,86,86,1.048780487804878,162,80,80,0.975609756097561
63,205,142,142,2.253968253968254,175,112,112,1.7777777777777777,157,94,94,1.492063492063492,136,73,73,1.1587301587301588
58,167,109,109,1.8793103448275863,154,96,96,1.6551724137931034,152,94,94,1.6206896551724137,132,74,74,1.2758620689655173
75,206,131,131,1.7466666666666666,167,92,92,1.2266666666666666,169,94,94,1.2533333333333334,154,79,79,1.0533333333333332
68,208,140,140,2.0588235294117645,205,137,137,2.014705882352941,187,119,119,1.75,154,86,86,1.2647058823529411
51,160,109,109,2.1372549019607843,152,101,101,1.9803921568627452,150,99,99,1.9411764705882353,138,87,87,1.7058823529411764
45,96,51,51,1.1333333333333333,90,45,45,1.0,94,49,49,1.0888888888888888,92,47,47,1.0444444444444445
55,172,117,117,2.1272727272727274,193,138,138,2.5090909090909093,147,92,92,1.6727272727272726,134,79,79,1.4363636363636363
87,229,142,142,1.632183908045977,164,77,77,0.8850574712643678,158,71,71,0.8160919540229885,157,70,70,0.8045977011494253
105,289,184,184,1.7523809523809524,243,138,138,1.3142857142857143,223,118,118,1.1238095238095238,190,85,85,0.8095238095238095
97,263,166,166,1.711340206185567,229,132,132,1.3608247422680413,197,100,100,1.0309278350515463,215,118,118,1.2164948453608246
53,128,75,75,1.4150943396226414,123,70,70,1.320754716981132,122,69,69,1.3018867924528301,85,32,32,0.6037735849056604
82,221,139,139,1.6951219512195121,214,132,132,1.6097560975609757,214,132,132,1.6097560975609757,228,146,146,1.7804878048780488
81,193,112,112,1.382716049382716,159,78,78,0.9629629629629629,152,71,71,0.8765432098765432,134,53,53,0.654320987654321
52,170,118,118,2.269230769230769,142,90,90,1.7307692307692308,177,125,125,2.4038461538461537,128,76,76,1.4615384615384615
106,241,135,135,1.2735849056603774,249,143,143,1.349056603773585,236,130,130,1.2264150943396226,246,140,140,1.320754716981132
36,152,116,116,3.2222222222222223,156,120,120,3.3333333333333335,161,125,125,3.4722222222222223,110,74,74,2.0555555555555554
72,223,151,151,2.0972222222222223,196,124,124,1.7222222222222223,231,159,159,2.2083333333333335,200,128,128,1.7777777777777777
44,198,154,154,3.5,131,87,87,1.9772727272727273,157,113,113,2.5681818181818183,127,83,83,1.8863636363636365
71,206,135,135,1.9014084507042253,190,119,119,1.676056338028169,230,159,159,2.23943661971831,197,126,126,1.7746478873239437
43,123,80,80,1.8604651162790697,134,91,91,2.116279069767442,149,106,106,2.4651162790697674,108,65,65,1.5116279069767442
49,148,99,99,2.020408163265306,147,98,98,2.0,156,107,107,2.183673469387755,139,90,90,1.836734693877551
34,104,70,70,2.0588235294117645,102,68,68,2.0,107,73,73,2.1470588235294117,96,62,62,1.8235294117647058
21,59,38,38,1.8095238095238095,54,33,33,1.5714285714285714,55,34,34,1.619047619047619,55,34,34,1.619047619047619
33,90,57,57,1.7272727272727273,105,72,72,2.1818181818181817,75,42,42,1.2727272727272727,96,63,63,1.9090909090909092
78,205,127,127,1.6282051282051282,222,144,144,1.8461538461538463,180,102,102,1.3076923076923077,227,149,149,1.9102564102564104
101,262,161,161,1.5940594059405941,256,155,155,1.5346534653465347,247,146,146,1.4455445544554455,262,161,161,1.5940594059405941
38,109,71,71,1.868421052631579,108,70,70,1.8421052631578947,112,74,74,1.9473684210526316,104,66,66,1.736842105263158
45,109,64,64,1.4222222222222223,91,46,46,1.0222222222222221,86,41,41,0.9111111111111111,85,40,40,0.8888888888888888
84,224,140,140,1.6666666666666667,175,91,91,1.0833333333333333,143,59,59,0.7023809523809523,143,59,59,0.7023809523809523
58,135,77,77,1.3275862068965518,177,119,119,2.0517241379310347,155,97,97,1.6724137931034482,150,92,92,1.5862068965517242
103,301,198,198,1.9223300970873787,297,194,194,1.883495145631068,276,173,173,1.6796116504854368,284,181,181,1.7572815533980584
66,124,58,58,0.8787878787878788,131,65,65,0.9848484848484849,117,51,51,0.7727272727272727,105,39,39,0.5909090909090909
47,104,57,57,1.2127659574468086,134,87,87,1.851063829787234,94,47,47,1.0,85,38,38,0.8085106382978723
81,223,142,142,1.7530864197530864,219,138,138,1.7037037037037037,186,105,105,1.2962962962962963,200,119,119,1.4691358024691359
68,149,81,81,1.1911764705882353,158,90,90,1.3235294117647058,141,73,73,1.0735294117647058,131,63,63,0.9264705882352942
62,159,97,97,1.564516129032258,169,107,107,1.7258064516129032,143,81,81,1.3064516129032258,140,78,78,1.2580645161290323
74,197,123,123,1.662162162162162,162,88,88,1.1891891891891893,127,53,53,0.7162162162162162,131,57,57,0.7702702702702703
70,188,118,118,1.6857142857142857,180,110,110,1.5714285714285714,115,45,45,0.6428571428571429,180,110,110,1.5714285714285714
81,259,178,178,2.197530864197531,217,136,136,1.6790123456790123,197,116,116,1.4320987654320987,183,102,102,1.2592592592592593
54,184,130,130,2.4074074074074074,144,90,90,1.6666666666666667,138,84,84,1.5555555555555556,140,86,86,1.5925925925925926
90,211,121,121,1.3444444444444446,242,152,152,1.6888888888888889,255,165,165,1.8333333333333333,236,146,146,1.6222222222222222
102,250,148,148,1.4509803921568627,256,154,154,1.5098039215686274,283,181,181,1.7745098039215685,209,107,107,1.0490196078431373
62,143,81,81,1.3064516129032258,171,109,109,1.7580645161290323,173,111,111,1.7903225806451613,141,79,79,1.2741935483870968
48,131,83,83,1.7291666666666667,116,68,68,1.4166666666666667,113,65,65,1.3541666666666667,101,53,53,1.1041666666666667
101,255,154,154,1.5247524752475248,192,91,91,0.900990099009901,218,117,117,1.1584158415841583,194,93,93,0.9207920792079208
43,136,93,93,2.1627906976744184,93,50,50,1.1627906976744187,116,73,73,1.697674418604651,100,57,57,1.3255813953488371
102,249,147,147,1.4411764705882353,216,114,114,1.1176470588235294,228,126,126,1.2352941176470589,208,106,106,1.0392156862745099
94,257,163,163,1.7340425531914894,229,135,135,1.4361702127659575,264,170,170,1.8085106382978724,251,157,157,1.6702127659574468
60,181,121,121,2.0166666666666666,190,130,130,2.1666666666666665,177,117,117,1.95,159,99,99,1.65
39,158,119,119,3.051282051282051,148,109,109,2.7948717948717947,118,79,79,2.0256410256410255,115,76,76,1.9487179487179487
85,235,150,150,1.7647058823529411,216,131,131,1.5411764705882354,242,157,157,1.8470588235294119,183,98,98,1.1529411764705881
57,140,83,83,1.456140350877193,130,73,73,1.280701754385965,125,68,68,1.1929824561403508,141,84,84,1.4736842105263157
104,356,252,252,2.423076923076923,279,175,175,1.6826923076923077,280,176,176,1.6923076923076923,269,165,165,1.5865384615384615
71,225,154,154,2.1690140845070425,183,112,112,1.5774647887323943,235,164,164,2.3098591549295775,169,98,98,1.380281690140845
104,283,179,179,1.7211538461538463,248,144,144,1.3846153846153846,274,170,170,1.6346153846153846,260,156,156,1.5
103,279,176,176,1.7087378640776698,257,154,154,1.4951456310679612,265,162,162,1.5728155339805825,237,134,134,1.3009708737864079
53,238,185,185,3.490566037735849,189,136,136,2.5660377358490565,221,168,168,3.169811320754717,171,118,118,2.2264150943396226
78,152,74,74,0.9487179487179487,173,95,95,1.2179487179487178,156,78,78,1.0,155,77,77,0.9871794871794872
66,155,89,89,1.3484848484848484,169,103,103,1.5606060606060606,181,115,115,1.7424242424242424,146,80,80,1.2121212121212122
60,194,134,134,2.2333333333333334,167,107,107,1.7833333333333334,167,107,107,1.7833333333333334,144,84,84,1.4
48,135,87,87,1.8125,126,78,78,1.625,131,83,83,1.7291666666666667,124,76,76,1.5833333333333333
101,339,238,238,2.3564356435643563,267,166,166,1.6435643564356435,274,173,173,1.7128712871287128,219,118,118,1.1683168316831682
42,101,59,59,1.4047619047619047,105,63,63,1.5,103,61,61,1.4523809523809523,107,65,65,1.5476190476190477
94,262,168,168,1.7872340425531914,211,117,117,1.2446808510638299,236,142,142,1.5106382978723405,200,106,106,1.127659574468085
60,171,111,111,1.85,146,86,86,1.4333333333333333,150,90,90,1.5,133,73,73,1.2166666666666666
47,88,41,41,0.8723404255319149,120,73,73,1.553191489361702,93,46,46,0.9787234042553191,89,42,42,0.8936170212765957
62,110,48,48,0.7741935483870968,127,65,65,1.0483870967741935,125,63,63,1.0161290322580645,111,49,49,0.7903225806451613
56,145,89,89,1.5892857142857142,111,55,55,0.9821428571428571,125,69,69,1.2321428571428572,107,51,51,0.9107142857142857
67,164,97,97,1.4477611940298507,119,52,52,0.7761194029850746,129,62,62,0.9253731343283582,130,63,63,0.9402985074626866
85,199,114,114,1.3411764705882352,188,103,103,1.2117647058823529,175,90,90,1.0588235294117647,153,68,68,0.8
66,192,126,126,1.9090909090909092,162,96,96,1.4545454545454546,163,97,97,1.4696969696969697,140,74,74,1.121212121212121
81,201,120,120,1.4814814814814814,189,108,108,1.3333333333333333,173,92,92,1.1358024691358024,142,61,61,0.7530864197530864
111,243,132,132,1.1891891891891893,285,174,174,1.5675675675675675,203,92,92,0.8288288288288288,231,120,120,1.0810810810810811
92,216,124,124,1.3478260869565217,183,91,91,0.9891304347826086,184,92,92,1.0,159,67,67,0.7282608695652174
88,180,92,92,1.0454545454545454,166,78,78,0.8863636363636364,172,84,84,0.9545454545454546,151,63,63,0.7159090909090909
70,168,98,98,1.4,140,70,70,1.0,105,35,35,0.5,131,61,61,0.8714285714285714
62,162,100,100,1.6129032258064515,129,67,67,1.0806451612903225,125,63,63,1.0161290322580645,120,58,58,0.9354838709677419
93,209,116,116,1.2473118279569892,214,121,121,1.3010752688172043,223,130,130,1.3978494623655915,207,114,114,1.2258064516129032
65,140,75,75,1.1538461538461537,126,61,61,0.9384615384615385,114,49,49,0.7538461538461538,111,46,46,0.7076923076923077
51,139,88,88,1.7254901960784315,123,72,72,1.411764705882353,116,65,65,1.2745098039215685,116,65,65,1.2745098039215685
93,190,97,97,1.043010752688172,201,108,108,1.1612903225806452,198,105,105,1.1290322580645162,192,99,99,1.064516129032258
101,216,115,115,1.1386138613861385,225,124,124,1.2277227722772277,199,98,98,0.9702970297029703,186,85,85,0.8415841584158416
103,172,69,69,0.6699029126213593,185,82,82,0.7961165048543689,173,70,70,0.6796116504854369,159,56,56,0.5436893203883495
56,112,56,56,1.0,116,60,60,1.0714285714285714,115,59,59,1.0535714285714286,109,53,53,0.9464285714285714
57,139,82,82,1.4385964912280702,113,56,56,0.9824561403508771,128,71,71,1.2456140350877194,99,42,42,0.7368421052631579
96,175,79,79,0.8229166666666666,196,100,100,1.0416666666666667,192,96,96,1.0,173,77,77,0.8020833333333334
37,59,22,22,0.5945945945945946,95,58,58,1.5675675675675675,72,35,35,0.9459459459459459,65,28,28,0.7567567567567568
55,188,133,133,2.418181818181818,145,90,90,1.6363636363636365,134,79,79,1.4363636363636363,121,66,66,1.2
89,178,89,89,1.0,213,124,124,1.3932584269662922,201,112,112,1.2584269662921348,229,140,140,1.5730337078651686
79,188,109,109,1.379746835443038,193,114,114,1.4430379746835442,188,109,109,1.379746835443038,166,87,87,1.1012658227848102
67,143,76,76,1.1343283582089552,167,100,100,1.492537313432836,166,99,99,1.4776119402985075,163,96,96,1.4328358208955223
48,137,89,89,1.8541666666666667,129,81,81,1.6875,143,95,95,1.9791666666666667,122,74,74,1.5416666666666667
73,190,117,117,1.6027397260273972,173,100,100,1.36986301369863,181,108,108,1.4794520547945205,185,112,112,1.5342465753424657
70,190,120,120,1.7142857142857142,193,123,123,1.7571428571428571,153,83,83,1.1857142857142857,164,94,94,1.3428571428571427
63,158,95,95,1.507936507936508,180,117,117,1.8571428571428572,123,60,60,0.9523809523809523,114,51,51,0.8095238095238095
86,237,151,151,1.755813953488372,256,170,170,1.9767441860465116,237,151,151,1.755813953488372,178,92,92,1.069767441860465
67,219,152,152,2.2686567164179103,223,156,156,2.328358208955224,151,84,84,1.2537313432835822,156,89,89,1.328358208955224
67,153,86,86,1.2835820895522387,194,127,127,1.8955223880597014,171,104,104,1.5522388059701493,154,87,87,1.2985074626865671
67,240,173,173,2.582089552238806,208,141,141,2.1044776119402986,196,129,129,1.9253731343283582,188,121,121,1.8059701492537314
88,311,223,223,2.534090909090909,252,164,164,1.8636363636363635,219,131,131,1.4886363636363635,210,122,122,1.3863636363636365
49,111,62,62,1.2653061224489797,153,104,104,2.122448979591837,112,63,63,1.2857142857142858,119,70,70,1.4285714285714286
57,152,95,95,1.6666666666666667,201,144,144,2.526315789473684,186,129,129,2.263157894736842,143,86,86,1.5087719298245614
49,69,20,20,0.40816326530612246,97,48,48,0.9795918367346939,102,53,53,1.0816326530612246,88,39,39,0.7959183673469388
52,188,136,136,2.6153846153846154,172,120,120,2.3076923076923075,149,97,97,1.8653846153846154,121,69,69,1.3269230769230769
58,143,85,85,1.4655172413793103,176,118,118,2.0344827586206895,167,109,109,1.8793103448275863,164,106,106,1.8275862068965518
54,155,101,101,1.8703703703703705,178,124,124,2.2962962962962963,145,91,91,1.6851851851851851,134,80,80,1.4814814814814814
50,126,76,76,1.52,118,68,68,1.36,114,64,64,1.28,126,76,76,1.52
77,226,149,149,1.9350649350649352,175,98,98,1.2727272727272727,177,100,100,1.2987012987012987,155,78,78,1.0129870129870129
50,193,143,143,2.86,129,79,79,1.58,122,72,72,1.44,127,77,77,1.54
82,221,139,139,1.6951219512195121,176,94,94,1.146341463414634,205,123,123,1.5,163,81,81,0.9878048780487805
78,200,122,122,1.564102564102564,252,174,174,2.230769230769231,200,122,122,1.564102564102564,186,108,108,1.3846153846153846
49,117,68,68,1.3877551020408163,107,58,58,1.183673469387755,116,67,67,1.3673469387755102,100,51,51,1.0408163265306123
55,140,85,85,1.5454545454545454,107,52,52,0.9454545454545454,116,61,61,1.1090909090909091,112,57,57,1.0363636363636364
51,114,63,63,1.2352941176470589,109,58,58,1.1372549019607843,115,64,64,1.2549019607843137,112,61,61,1.196078431372549
102,224,122,122,1.196078431372549,196,94,94,0.9215686274509803,242,140,140,1.3725490196078431,242,140,140,1.3725490196078431
69,167,98,98,1.4202898550724639,138,69,69,1.0,146,77,77,1.1159420289855073,124,55,55,0.7971014492753623
83,310,227,227,2.7349397590361444,177,94,94,1.1325301204819278,199,116,116,1.3975903614457832,204,121,121,1.4578313253012047
71,155,84,84,1.1830985915492958,156,85,85,1.1971830985915493,143,72,72,1.0140845070422535,145,74,74,1.0422535211267605
68,189,121,121,1.7794117647058822,163,95,95,1.3970588235294117,161,93,93,1.3676470588235294,121,53,53,0.7794117647058824
96,269,173,173,1.8020833333333333,194,98,98,1.0208333333333333,216,120,120,1.25,226,130,130,1.3541666666666667
34,88,54,54,1.588235294117647,99,65,65,1.911764705882353,88,54,54,1.588235294117647,89,55,55,1.6176470588235294
93,229,136,136,1.4623655913978495,210,117,117,1.2580645161290323,183,90,90,0.967741935483871,184,91,91,0.978494623655914
87,215,128,128,1.471264367816092,171,84,84,0.9655172413793104,156,69,69,0.7931034482758621,181,94,94,1.0804597701149425
156,358,202,202,1.294871794871795,322,166,166,1.064102564102564,299,143,143,0.9166666666666666,288,132,132,0.8461538461538461
57,137,80,80,1.4035087719298245,152,95,95,1.6666666666666667,117,60,60,1.0526315789473684,121,64,64,1.1228070175438596
46,102,56,56,1.2173913043478262,79,33,33,0.717391304347826,90,44,44,0.9565217391304348,80,34,34,0.7391304347826086
125,249,124,124,0.992,230,105,105,0.84,192,67,67,0.536,229,104,104,0.832
24,48,24,24,1.0,63,39,39,1.625,64,40,40,1.6666666666666667,63,39,39,1.625
53,93,40,40,0.7547169811320755,72,19,19,0.3584905660377358,115,62,62,1.169811320754717,104,51,51,0.9622641509433962
26,39,13,13,0.5,59,33,33,1.2692307692307692,51,25,25,0.9615384615384616,54,28,28,1.0769230769230769
42,81,39,39,0.9285714285714286,67,25,25,0.5952380952380952,66,24,24,0.5714285714285714,59,17,17,0.40476190476190477
34,83,49,49,1.4411764705882353,92,58,58,1.7058823529411764,73,39,39,1.1470588235294117,72,38,38,1.1176470588235294
118,207,89,89,0.7542372881355932,198,80,80,0.6779661016949152,198,80,80,0.6779661016949152,191,73,73,0.6186440677966102
37,80,43,43,1.162162162162162,90,53,53,1.4324324324324325,89,52,52,1.4054054054054055,66,29,29,0.7837837837837838
27,57,30,30,1.1111111111111112,54,27,27,1.0,54,27,27,1.0,51,24,24,0.8888888888888888
72,163,91,91,1.2638888888888888,145,73,73,1.0138888888888888,127,55,55,0.7638888888888888,116,44,44,0.6111111111111112
48,129,81,81,1.6875,113,65,65,1.3541666666666667,118,70,70,1.4583333333333333,79,31,31,0.6458333333333334
41,104,63,63,1.5365853658536586,100,59,59,1.4390243902439024,81,40,40,0.975609756097561,81,40,40,0.975609756097561
36,67,31,31,0.8611111111111112,75,39,39,1.0833333333333333,92,56,56,1.5555555555555556,85,49,49,1.3611111111111112
26,47,21,21,0.8076923076923077,54,28,28,1.0769230769230769,40,14,14,0.5384615384615384,33,7,7,0.2692307692307692
47,112,65,65,1.3829787234042554,92,45,45,0.9574468085106383,104,57,57,1.2127659574468086,86,39,39,0.8297872340425532
10,22,12,12,1.2,17,7,7,0.7,21,11,11,1.1,17,7,7,0.7
123,305,182,182,1.4796747967479675,245,122,122,0.991869918699187,218,95,95,0.7723577235772358,207,84,84,0.6829268292682927
120,269,149,149,1.2416666666666667,198,78,78,0.65,297,177,177,1.475,271,151,151,1.2583333333333333
26,70,44,44,1.6923076923076923,49,23,23,0.8846153846153846,63,37,37,1.4230769230769231,56,30,30,1.1538461538461537
39,81,42,42,1.0769230769230769,78,39,39,1.0,68,29,29,0.7435897435897436,74,35,35,0.8974358974358975
46,115,69,69,1.5,107,61,61,1.326086956521739,125,79,79,1.7173913043478262,112,66,66,1.434782608695652
77,199,122,122,1.5844155844155845,164,87,87,1.12987012987013,121,44,44,0.5714285714285714,154,77,77,1.0
57,205,148,148,2.5964912280701755,143,86,86,1.5087719298245614,129,72,72,1.263157894736842,111,54,54,0.9473684210526315
67,164,97,97,1.4477611940298507,171,104,104,1.5522388059701493,169,102,102,1.5223880597014925,149,82,82,1.2238805970149254
46,132,86,86,1.8695652173913044,118,72,72,1.565217391304348,95,49,49,1.065217391304348,80,34,34,0.7391304347826086
34,76,42,42,1.2352941176470589,74,40,40,1.1764705882352942,77,43,43,1.2647058823529411,77,43,43,1.2647058823529411
115,196,81,81,0.7043478260869566,157,42,42,0.3652173913043478,154,39,39,0.3391304347826087,172,57,57,0.4956521739130435
132,312,180,180,1.3636363636363635,278,146,146,1.106060606060606,276,144,144,1.0909090909090908,260,128,128,0.9696969696969697
35,87,52,52,1.4857142857142858,70,35,35,1.0,85,50,50,1.4285714285714286,72,37,37,1.0571428571428572
61,118,57,57,0.9344262295081968,154,93,93,1.5245901639344261,128,67,67,1.098360655737705,133,72,72,1.180327868852459
137,229,92,92,0.6715328467153284,305,168,168,1.2262773722627738,242,105,105,0.7664233576642335,237,100,100,0.7299270072992701
25,43,18,18,0.72,44,19,19,0.76,43,18,18,0.72,41,16,16,0.64
27,43,16,16,0.5925925925925926,54,27,27,1.0,45,18,18,0.6666666666666666,45,18,18,0.6666666666666666
30,93,63,63,2.1,85,55,55,1.8333333333333333,60,30,30,1.0,72,42,42,1.4
18,43,25,25,1.3888888888888888,46,28,28,1.5555555555555556,44,26,26,1.4444444444444444,46,28,28,1.5555555555555556
18,37,19,19,1.0555555555555556,39,21,21,1.1666666666666667,40,22,22,1.2222222222222223,36,18,18,1.0
28,52,24,24,0.8571428571428571,52,24,24,0.8571428571428571,52,24,24,0.8571428571428571,52,24,24,0.8571428571428571
73,188,115,115,1.5753424657534247,154,81,81,1.1095890410958904,130,57,57,0.7808219178082192,128,55,55,0.7534246575342466
30,61,31,31,1.0333333333333334,53,23,23,0.7666666666666667,51,21,21,0.7,48,18,18,0.6
19,29,10,10,0.5263157894736842,30,11,11,0.5789473684210527,29,10,10,0.5263157894736842,26,7,7,0.3684210526315789
78,138,60,60,0.7692307692307693,139,61,61,0.782051282051282,136,58,58,0.7435897435897436,142,64,64,0.8205128205128205
15,34,19,19,1.2666666666666666,42,27,27,1.8,29,14,14,0.9333333333333333,36,21,21,1.4
44,84,40,40,0.9090909090909091,82,38,38,0.8636363636363636,78,34,34,0.7727272727272727,81,37,37,0.8409090909090909
83,154,71,71,0.8554216867469879,188,105,105,1.2650602409638554,167,84,84,1.0120481927710843,159,76,76,0.9156626506024096
95,215,120,120,1.263157894736842,213,118,118,1.2421052631578948,192,97,97,1.0210526315789474,164,69,69,0.7263157894736842
57,107,50,50,0.8771929824561403,114,57,57,1.0,94,37,37,0.6491228070175439,95,38,38,0.6666666666666666
31,87,56,56,1.8064516129032258,83,52,52,1.6774193548387097,66,35,35,1.1290322580645162,70,39,39,1.2580645161290323
54,111,57,57,1.0555555555555556,108,54,54,1.0,94,40,40,0.7407407407407407,88,34,34,0.6296296296296297
29,67,38,38,1.3103448275862069,51,22,22,0.7586206896551724,59,30,30,1.0344827586206897,49,20,20,0.6896551724137931
33,70,37,37,1.121212121212121,62,29,29,0.8787878787878788,61,28,28,0.8484848484848485,51,18,18,0.5454545454545454
41,88,47,47,1.146341463414634,99,58,58,1.4146341463414633,60,19,19,0.4634146341463415,67,26,26,0.6341463414634146
66,136,70,70,1.0606060606060606,148,82,82,1.2424242424242424,133,67,67,1.0151515151515151,134,68,68,1.0303030303030303
12,27,15,15,1.25,29,17,17,1.4166666666666667,32,20,20,1.6666666666666667,20,8,8,0.6666666666666666
28,42,14,14,0.5,50,22,22,0.7857142857142857,51,23,23,0.8214285714285714,50,22,22,0.7857142857142857
22,59,37,37,1.6818181818181819,60,38,38,1.7272727272727273,61,39,39,1.7727272727272727,60,38,38,1.7272727272727273
52,77,25,25,0.4807692307692308,88,36,36,0.6923076923076923,92,40,40,0.7692307692307693,93,41,41,0.7884615384615384
64,138,74,74,1.15625,111,47,47,0.734375,107,43,43,0.671875,101,37,37,0.578125
29,50,21,21,0.7241379310344828,56,27,27,0.9310344827586207,47,18,18,0.6206896551724138,52,23,23,0.7931034482758621
35,75,40,40,1.1428571428571428,62,27,27,0.7714285714285715,58,23,23,0.6571428571428571,53,18,18,0.5142857142857142
21,58,37,37,1.7619047619047619,44,23,23,1.0952380952380953,48,27,27,1.2857142857142858,44,23,23,1.0952380952380953
27,47,20,20,0.7407407407407407,48,21,21,0.7777777777777778,41,14,14,0.5185185185185185,38,11,11,0.4074074074074074
21,36,15,15,0.7142857142857143,38,17,17,0.8095238095238095,37,16,16,0.7619047619047619,37,16,16,0.7619047619047619
42,80,38,38,0.9047619047619048,81,39,39,0.9285714285714286,76,34,34,0.8095238095238095,82,40,40,0.9523809523809523
32,53,21,21,0.65625,56,24,24,0.75,60,28,28,0.875,54,22,22,0.6875
18,36,18,18,1.0,35,17,17,0.9444444444444444,31,13,13,0.7222222222222222,39,21,21,1.1666666666666667
21,36,15,15,0.7142857142857143,31,10,10,0.47619047619047616,36,15,15,0.7142857142857143,33,12,12,0.5714285714285714
23,77,54,54,2.347826086956522,73,50,50,2.1739130434782608,76,53,53,2.3043478260869565,57,34,34,1.4782608695652173
133,281,148,148,1.112781954887218,312,179,179,1.3458646616541354,320,187,187,1.406015037593985,302,169,169,1.2706766917293233
81,162,81,81,1.0,148,67,67,0.8271604938271605,155,74,74,0.9135802469135802,147,66,66,0.8148148148148148
139,153,14,14,0.10071942446043165,161,22,22,0.15827338129496402,151,12,12,0.08633093525179857,182,43,43,0.30935251798561153
41,110,69,69,1.6829268292682926,83,42,42,1.024390243902439,93,52,52,1.2682926829268293,91,50,50,1.2195121951219512
44,79,35,35,0.7954545454545454,65,21,21,0.4772727272727273,73,29,29,0.6590909090909091,68,24,24,0.5454545454545454
35,80,45,45,1.2857142857142858,55,20,20,0.5714285714285714,67,32,32,0.9142857142857143,52,17,17,0.4857142857142857
30,88,58,58,1.9333333333333333,98,68,68,2.2666666666666666,96,66,66,2.2,91,61,61,2.033333333333333
24,57,33,33,1.375,61,37,37,1.5416666666666667,51,27,27,1.125,59,35,35,1.4583333333333333
38,90,52,52,1.368421052631579,79,41,41,1.0789473684210527,92,54,54,1.4210526315789473,92,54,54,1.4210526315789473
83,142,59,59,0.7108433734939759,169,86,86,1.036144578313253,155,72,72,0.8674698795180723,164,81,81,0.9759036144578314
115,193,78,78,0.6782608695652174,203,88,88,0.7652173913043478,199,84,84,0.7304347826086957,195,80,80,0.6956521739130435
64,126,62,62,0.96875,113,49,49,0.765625,135,71,71,1.109375,110,46,46,0.71875
93,163,70,70,0.7526881720430108,154,61,61,0.6559139784946236,138,45,45,0.4838709677419355,151,58,58,0.6236559139784946
146,276,130,130,0.8904109589041096,254,108,108,0.7397260273972602,307,161,161,1.1027397260273972,257,111,111,0.7602739726027398
75,147,72,72,0.96,126,51,51,0.68,166,91,91,1.2133333333333334,130,55,55,0.7333333333333333
65,174,109,109,1.676923076923077,162,97,97,1.4923076923076923,143,78,78,1.2,154,89,89,1.3692307692307693
31,72,41,41,1.3225806451612903,57,26,26,0.8387096774193549,65,34,34,1.096774193548387,58,27,27,0.8709677419354839
56,139,83,83,1.4821428571428572,97,41,41,0.7321428571428571,99,43,43,0.7678571428571429,103,47,47,0.8392857142857143
62,117,55,55,0.8870967741935484,113,51,51,0.8225806451612904,113,51,51,0.8225806451612904,117,55,55,0.8870967741935484
52,91,39,39,0.75,89,37,37,0.7115384615384616,92,40,40,0.7692307692307693,75,23,23,0.4423076923076923
55,100,45,45,0.8181818181818182,132,77,77,1.4,122,67,67,1.2181818181818183,139,84,84,1.5272727272727273
24,57,33,33,1.375,55,31,31,1.2916666666666667,55,31,31,1.2916666666666667,54,30,30,1.25
56,121,65,65,1.1607142857142858,126,70,70,1.25,135,79,79,1.4107142857142858,91,35,35,0.625
100,242,142,142,1.42,182,82,82,0.82,182,82,82,0.82,198,98,98,0.98
57,123,66,66,1.1578947368421053,103,46,46,0.8070175438596491,102,45,45,0.7894736842105263,100,43,43,0.7543859649122807
69,127,58,58,0.8405797101449275,129,60,60,0.8695652173913043,111,42,42,0.6086956521739131,110,41,41,0.5942028985507246
44,97,53,53,1.2045454545454546,99,55,55,1.25,99,55,55,1.25,107,63,63,1.4318181818181819
63,117,54,54,0.8571428571428571,103,40,40,0.6349206349206349,110,47,47,0.746031746031746,97,34,34,0.5396825396825397
22,51,29,29,1.3181818181818181,61,39,39,1.7727272727272727,59,37,37,1.6818181818181819,51,29,29,1.3181818181818181
95,188,93,93,0.9789473684210527,159,64,64,0.6736842105263158,165,70,70,0.7368421052631579,153,58,58,0.6105263157894737
48,117,69,69,1.4375,123,75,75,1.5625,129,81,81,1.6875,124,76,76,1.5833333333333333
32,106,74,74,2.3125,106,74,74,2.3125,79,47,47,1.46875,92,60,60,1.875
39,74,35,35,0.8974358974358975,74,35,35,0.8974358974358975,83,44,44,1.1282051282051282,80,41,41,1.0512820512820513
59,139,80,80,1.3559322033898304,153,94,94,1.5932203389830508,131,72,72,1.2203389830508475,142,83,83,1.4067796610169492
63,153,90,90,1.4285714285714286,169,106,106,1.6825396825396826,120,57,57,0.9047619047619048,139,76,76,1.2063492063492063
109,189,80,80,0.7339449541284404,206,97,97,0.8899082568807339,167,58,58,0.5321100917431193,173,64,64,0.5871559633027523
75,151,76,76,1.0133333333333334,151,76,76,1.0133333333333334,139,64,64,0.8533333333333334,148,73,73,0.9733333333333334
97,177,80,80,0.8247422680412371,173,76,76,0.7835051546391752,164,67,67,0.6907216494845361,173,76,76,0.7835051546391752
86,162,76,76,0.8837209302325582,161,75,75,0.872093023255814,142,56,56,0.6511627906976745,164,78,78,0.9069767441860465
123,220,97,97,0.7886178861788617,330,207,207,1.6829268292682926,214,91,91,0.7398373983739838,227,104,104,0.8455284552845529
37,79,42,42,1.135135135135135,85,48,48,1.2972972972972974,85,48,48,1.2972972972972974,79,42,42,1.135135135135135
51,113,62,62,1.2156862745098038,99,48,48,0.9411764705882353,89,38,38,0.7450980392156863,101,50,50,0.9803921568627451
118,286,168,168,1.423728813559322,222,104,104,0.8813559322033898,236,118,118,1.0,220,102,102,0.864406779661017
82,139,57,57,0.6951219512195121,156,74,74,0.9024390243902439,114,32,32,0.3902439024390244,119,37,37,0.45121951219512196
31,62,31,31,1.0,91,60,60,1.935483870967742,71,40,40,1.2903225806451613,71,40,40,1.2903225806451613
107,253,146,146,1.3644859813084111,272,165,165,1.5420560747663552,218,111,111,1.0373831775700935,249,142,142,1.3271028037383177
166,520,354,354,2.1325301204819276,372,206,206,1.2409638554216869,398,232,232,1.3975903614457832,446,280,280,1.6867469879518073
76,207,131,131,1.7236842105263157,174,98,98,1.2894736842105263,149,73,73,0.9605263157894737,180,104,104,1.368421052631579
111,324,213,213,1.9189189189189189,271,160,160,1.4414414414414414,282,171,171,1.5405405405405406,279,168,168,1.5135135135135136
104,266,162,162,1.5576923076923077,178,74,74,0.7115384615384616,235,131,131,1.2596153846153846,227,123,123,1.1826923076923077
35,80,45,45,1.2857142857142858,104,69,69,1.9714285714285715,108,73,73,2.085714285714286,99,64,64,1.8285714285714285
72,183,111,111,1.5416666666666667,145,73,73,1.0138888888888888,137,65,65,0.9027777777777778,154,82,82,1.1388888888888888
152,313,161,161,1.0592105263157894,338,186,186,1.2236842105263157,293,141,141,0.9276315789473685,281,129,129,0.8486842105263158
74,183,109,109,1.472972972972973,180,106,106,1.4324324324324325,179,105,105,1.4189189189189189,165,91,91,1.2297297297297298
74,139,65,65,0.8783783783783784,152,78,78,1.054054054054054,155,81,81,1.0945945945945945,156,82,82,1.1081081081081081
37,92,55,55,1.4864864864864864,88,51,51,1.3783783783783783,61,24,24,0.6486486486486487,86,49,49,1.3243243243243243
69,126,57,57,0.8260869565217391,130,61,61,0.8840579710144928,136,67,67,0.9710144927536232,126,57,57,0.8260869565217391
88,206,118,118,1.3409090909090908,183,95,95,1.0795454545454546,175,87,87,0.9886363636363636,215,127,127,1.4431818181818181
59,127,68,68,1.152542372881356,148,89,89,1.5084745762711864,121,62,62,1.0508474576271187,124,65,65,1.1016949152542372
45,112,67,67,1.488888888888889,111,66,66,1.4666666666666666,92,47,47,1.0444444444444445,105,60,60,1.3333333333333333
33,108,75,75,2.272727272727273,130,97,97,2.9393939393939394,116,83,83,2.515151515151515,114,81,81,2.4545454545454546
69,231,162,162,2.347826086956522,165,96,96,1.391304347826087,158,89,89,1.289855072463768,169,100,100,1.4492753623188406
111,214,103,103,0.9279279279279279,235,124,124,1.117117117117117,242,131,131,1.1801801801801801,236,125,125,1.1261261261261262
72,137,65,65,0.9027777777777778,147,75,75,1.0416666666666667,138,66,66,0.9166666666666666,139,67,67,0.9305555555555556
104,229,125,125,1.2019230769230769,251,147,147,1.4134615384615385,237,133,133,1.2788461538461537,237,133,133,1.2788461538461537
35,95,60,60,1.7142857142857142,95,60,60,1.7142857142857142,100,65,65,1.8571428571428572,91,56,56,1.6
69,188,119,119,1.7246376811594204,148,79,79,1.144927536231884,160,91,91,1.318840579710145,159,90,90,1.3043478260869565
91,244,153,153,1.6813186813186813,195,104,104,1.1428571428571428,193,102,102,1.120879120879121,178,87,87,0.9560439560439561
90,230,140,140,1.5555555555555556,207,117,117,1.3,210,120,120,1.3333333333333333,210,120,120,1.3333333333333333
89,212,123,123,1.3820224719101124,196,107,107,1.202247191011236,187,98,98,1.101123595505618,139,50,50,0.5617977528089888
98,234,136,136,1.3877551020408163,220,122,122,1.2448979591836735,213,115,115,1.1734693877551021,222,124,124,1.2653061224489797
169,364,195,195,1.1538461538461537,364,195,195,1.1538461538461537,358,189,189,1.1183431952662721,332,163,163,0.9644970414201184
44,102,58,58,1.3181818181818181,84,40,40,0.9090909090909091,80,36,36,0.8181818181818182,83,39,39,0.8863636363636364
144,389,245,245,1.7013888888888888,400,256,256,1.7777777777777777,310,166,166,1.1527777777777777,329,185,185,1.2847222222222223
46,117,71,71,1.5434782608695652,103,57,57,1.2391304347826086,109,63,63,1.3695652173913044,97,51,51,1.108695652173913
79,214,135,135,1.7088607594936709,175,96,96,1.2151898734177216,166,87,87,1.1012658227848102,178,99,99,1.2531645569620253
50,153,103,103,2.06,120,70,70,1.4,115,65,65,1.3,94,44,44,0.88
36,126,90,90,2.5,108,72,72,2.0,97,61,61,1.6944444444444444,36,0,0,0.0
88,152,64,64,0.7272727272727273,162,74,74,0.8409090909090909,135,47,47,0.5340909090909091,166,78,78,0.8863636363636364
68,188,120,120,1.7647058823529411,138,70,70,1.0294117647058822,99,31,31,0.45588235294117646,89,21,21,0.3088235294117647
22,40,18,18,0.8181818181818182,39,17,17,0.7727272727272727,45,23,23,1.0454545454545454,38,16,16,0.7272727272727273
33,60,27,27,0.8181818181818182,63,30,30,0.9090909090909091,68,35,35,1.0606060606060606,68,35,35,1.0606060606060606
91,249,158,158,1.7362637362637363,246,155,155,1.7032967032967032,197,106,106,1.164835164835165,207,116,116,1.2747252747252746
37,89,52,52,1.4054054054054055,90,53,53,1.4324324324324325,83,46,46,1.2432432432432432,83,46,46,1.2432432432432432
51,65,14,14,0.27450980392156865,103,52,52,1.0196078431372548,108,57,57,1.1176470588235294,97,46,46,0.9019607843137255
72,208,136,136,1.8888888888888888,160,88,88,1.2222222222222223,137,65,65,0.9027777777777778,145,73,73,1.0138888888888888
84,202,118,118,1.4047619047619047,185,101,101,1.2023809523809523,122,38,38,0.4523809523809524,173,89,89,1.0595238095238095
22,33,11,11,0.5,38,16,16,0.7272727272727273,38,16,16,0.7272727272727273,25,3,3,0.13636363636363635
122,271,149,149,1.221311475409836,230,108,108,0.8852459016393442,237,115,115,0.9426229508196722,197,75,75,0.6147540983606558
36,82,46,46,1.2777777777777777,82,46,46,1.2777777777777777,71,35,35,0.9722222222222222,76,40,40,1.1111111111111112
29,63,34,34,1.1724137931034482,57,28,28,0.9655172413793104,55,26,26,0.896551724137931,47,18,18,0.6206896551724138
41,106,65,65,1.5853658536585367,96,55,55,1.3414634146341464,105,64,64,1.5609756097560976,77,36,36,0.8780487804878049
40,64,24,24,0.6,68,28,28,0.7,65,25,25,0.625,71,31,31,0.775
27,65,38,38,1.4074074074074074,60,33,33,1.2222222222222223,42,15,15,0.5555555555555556,51,24,24,0.8888888888888888
22,44,22,22,1.0,37,15,15,0.6818181818181818,29,7,7,0.3181818181818182,22,0,0,0.0
39,106,67,67,1.7179487179487178,96,57,57,1.4615384615384615,88,49,49,1.2564102564102564,70,31,31,0.7948717948717948
100,207,107,107,1.07,195,95,95,0.95,158,58,58,0.58,161,61,61,0.61
58,211,153,153,2.6379310344827585,173,115,115,1.9827586206896552,158,100,100,1.7241379310344827,149,91,91,1.5689655172413792
30,74,44,44,1.4666666666666666,74,44,44,1.4666666666666666,75,45,45,1.5,66,36,36,1.2
68,146,78,78,1.1470588235294117,162,94,94,1.3823529411764706,161,93,93,1.3676470588235294,124,56,56,0.8235294117647058
15,51,36,36,2.4,37,22,22,1.4666666666666666,36,21,21,1.4,40,25,25,1.6666666666666667
7,8,1,1,0.14285714285714285,11,4,4,0.5714285714285714,9,2,2,0.2857142857142857,9,2,2,0.2857142857142857
60,113,53,53,0.8833333333333333,131,71,71,1.1833333333333333,104,44,44,0.7333333333333333,99,39,39,0.65
27,59,32,32,1.1851851851851851,63,36,36,1.3333333333333333,56,29,29,1.0740740740740742,56,29,29,1.0740740740740742
57,156,99,99,1.736842105263158,121,64,64,1.1228070175438596,123,66,66,1.1578947368421053,105,48,48,0.8421052631578947
56,115,59,59,1.0535714285714286,126,70,70,1.25,109,53,53,0.9464285714285714,118,62,62,1.1071428571428572
52,117,65,65,1.25,113,61,61,1.1730769230769231,109,57,57,1.0961538461538463,109,57,57,1.0961538461538463
48,112,64,64,1.3333333333333333,97,49,49,1.0208333333333333,75,27,27,0.5625,96,48,48,1.0
45,79,34,34,0.7555555555555555,76,31,31,0.6888888888888889,82,37,37,0.8222222222222222,72,27,27,0.6
36,66,30,30,0.8333333333333334,65,29,29,0.8055555555555556,67,31,31,0.8611111111111112,62,26,26,0.7222222222222222
100,179,79,79,0.79,149,49,49,0.49,177,77,77,0.77,165,65,65,0.65
80,181,101,101,1.2625,145,65,65,0.8125,163,83,83,1.0375,151,71,71,0.8875
115,224,109,109,0.9478260869565217,221,106,106,0.9217391304347826,191,76,76,0.6608695652173913,191,76,76,0.6608695652173913
77,151,74,74,0.961038961038961,166,89,89,1.155844155844156,148,71,71,0.922077922077922,154,77,77,1.0
51,129,78,78,1.5294117647058822,107,56,56,1.0980392156862746,115,64,64,1.2549019607843137,123,72,72,1.411764705882353
28,54,26,26,0.9285714285714286,56,28,28,1.0,54,26,26,0.9285714285714286,57,29,29,1.0357142857142858
28,66,38,38,1.3571428571428572,48,20,20,0.7142857142857143,54,26,26,0.9285714285714286,52,24,24,0.8571428571428571
43,111,68,68,1.5813953488372092,80,37,37,0.8604651162790697,99,56,56,1.302325581395349,91,48,48,1.1162790697674418
23,80,57,57,2.4782608695652173,35,12,12,0.5217391304347826,39,16,16,0.6956521739130435,31,8,8,0.34782608695652173
15,18,3,3,0.2,25,10,10,0.6666666666666666,34,19,19,1.2666666666666666,32,17,17,1.1333333333333333
37,58,21,21,0.5675675675675675,59,22,22,0.5945945945945946,56,19,19,0.5135135135135135,52,15,15,0.40540540540540543
46,108,62,62,1.3478260869565217,102,56,56,1.2173913043478262,91,45,45,0.9782608695652174,98,52,52,1.1304347826086956
52,134,82,82,1.5769230769230769,84,32,32,0.6153846153846154,113,61,61,1.1730769230769231,103,51,51,0.9807692307692307
84,133,49,49,0.5833333333333334,154,70,70,0.8333333333333334,154,70,70,0.8333333333333334,171,87,87,1.0357142857142858
75,137,62,62,0.8266666666666667,151,76,76,1.0133333333333334,126,51,51,0.68,147,72,72,0.96
134,307,173,173,1.291044776119403,258,124,124,0.9253731343283582,265,131,131,0.9776119402985075,269,135,135,1.007462686567164
24,65,41,41,1.7083333333333333,45,21,21,0.875,47,23,23,0.9583333333333334,46,22,22,0.9166666666666666
51,101,50,50,0.9803921568627451,87,36,36,0.7058823529411765,88,37,37,0.7254901960784313,85,34,34,0.6666666666666666
64,163,99,99,1.546875,134,70,70,1.09375,120,56,56,0.875,150,86,86,1.34375
60,125,65,65,1.0833333333333333,142,82,82,1.3666666666666667,122,62,62,1.0333333333333334,120,60,60,1.0
35,62,27,27,0.7714285714285715,54,19,19,0.5428571428571428,51,16,16,0.45714285714285713,52,17,17,0.4857142857142857
28,42,14,14,0.5,39,11,11,0.39285714285714285,37,9,9,0.32142857142857145,40,12,12,0.42857142857142855
21,69,48,48,2.2857142857142856,52,31,31,1.4761904761904763,47,26,26,1.2380952380952381,43,22,22,1.0476190476190477
21,46,25,25,1.1904761904761905,56,35,35,1.6666666666666667,39,18,18,0.8571428571428571,51,30,30,1.4285714285714286
97,207,110,110,1.134020618556701,189,92,92,0.9484536082474226,203,106,106,1.092783505154639,184,87,87,0.8969072164948454
81,213,132,132,1.6296296296296295,194,113,113,1.3950617283950617,179,98,98,1.2098765432098766,181,100,100,1.2345679012345678
32,52,20,20,0.625,44,12,12,0.375,52,20,20,0.625,55,23,23,0.71875
76,150,74,74,0.9736842105263158,174,98,98,1.2894736842105263,143,67,67,0.881578947368421,184,108,108,1.4210526315789473
58,121,63,63,1.0862068965517242,127,69,69,1.1896551724137931,122,64,64,1.103448275862069,111,53,53,0.9137931034482759
41,82,41,41,1.0,91,50,50,1.2195121951219512,87,46,46,1.1219512195121952,92,51,51,1.2439024390243902
36,76,40,40,1.1111111111111112,64,28,28,0.7777777777777778,67,31,31,0.8611111111111112,50,14,14,0.3888888888888889
14,39,25,25,1.7857142857142858,39,25,25,1.7857142857142858,41,27,27,1.9285714285714286,35,21,21,1.5
59,138,79,79,1.3389830508474576,132,73,73,1.2372881355932204,141,82,82,1.3898305084745763,123,64,64,1.0847457627118644
101,196,95,95,0.9405940594059405,209,108,108,1.0693069306930694,177,76,76,0.7524752475247525,183,82,82,0.8118811881188119
42,99,57,57,1.3571428571428572,116,74,74,1.7619047619047619,123,81,81,1.9285714285714286,96,54,54,1.2857142857142858
59,129,70,70,1.1864406779661016,110,51,51,0.864406779661017,110,51,51,0.864406779661017,103,44,44,0.7457627118644068
75,181,106,106,1.4133333333333333,175,100,100,1.3333333333333333,149,74,74,0.9866666666666667,149,74,74,0.9866666666666667
29,39,10,10,0.3448275862068966,51,22,22,0.7586206896551724,51,22,22,0.7586206896551724,51,22,22,0.7586206896551724
37,64,27,27,0.7297297297297297,55,18,18,0.4864864864864865,62,25,25,0.6756756756756757,60,23,23,0.6216216216216216
28,59,31,31,1.1071428571428572,49,21,21,0.75,52,24,24,0.8571428571428571,52,24,24,0.8571428571428571
79,146,67,67,0.8481012658227848,161,82,82,1.0379746835443038,150,71,71,0.8987341772151899,154,75,75,0.9493670886075949
79,111,32,32,0.4050632911392405,119,40,40,0.5063291139240507,113,34,34,0.43037974683544306,118,39,39,0.4936708860759494
46,109,63,63,1.3695652173913044,90,44,44,0.9565217391304348,107,61,61,1.326086956521739,107,61,61,1.326086956521739
35,73,38,38,1.0857142857142856,56,21,21,0.6,66,31,31,0.8857142857142857,64,29,29,0.8285714285714286
26,38,12,12,0.46153846153846156,52,26,26,1.0,38,12,12,0.46153846153846156,38,12,12,0.46153846153846156
24,50,26,26,1.0833333333333333,54,30,30,1.25,42,18,18,0.75,48,24,24,1.0
59,129,70,70,1.1864406779661016,106,47,47,0.7966101694915254,126,67,67,1.1355932203389831,96,37,37,0.6271186440677966
53,194,141,141,2.660377358490566,168,115,115,2.169811320754717,144,91,91,1.7169811320754718,146,93,93,1.7547169811320755
59,138,79,79,1.3389830508474576,114,55,55,0.9322033898305084,144,85,85,1.4406779661016949,110,51,51,0.864406779661017
83,247,164,164,1.9759036144578312,153,70,70,0.8433734939759037,189,106,106,1.2771084337349397,172,89,89,1.072289156626506
80,159,79,79,0.9875,186,106,106,1.325,184,104,104,1.3,135,55,55,0.6875
78,209,131,131,1.6794871794871795,180,102,102,1.3076923076923077,176,98,98,1.2564102564102564,156,78,78,1.0
64,183,119,119,1.859375,224,160,160,2.5,204,140,140,2.1875,164,100,100,1.5625
87,213,126,126,1.4482758620689655,234,147,147,1.6896551724137931,182,95,95,1.0919540229885059,200,113,113,1.2988505747126438
73,222,149,149,2.041095890410959,211,138,138,1.8904109589041096,211,138,138,1.8904109589041096,183,110,110,1.5068493150684932
93,211,118,118,1.2688172043010753,197,104,104,1.118279569892473,206,113,113,1.2150537634408602,185,92,92,0.989247311827957
69,213,144,144,2.0869565217391304,217,148,148,2.1449275362318843,160,91,91,1.318840579710145,163,94,94,1.3623188405797102
58,126,68,68,1.1724137931034482,155,97,97,1.6724137931034482,107,49,49,0.8448275862068966,119,61,61,1.0517241379310345
87,144,57,57,0.6551724137931034,127,40,40,0.45977011494252873,120,33,33,0.3793103448275862,104,17,17,0.19540229885057472
91,184,93,93,1.021978021978022,192,101,101,1.10989010989011,153,62,62,0.6813186813186813,156,65,65,0.7142857142857143
47,118,71,71,1.5106382978723405,124,77,77,1.6382978723404256,121,74,74,1.574468085106383,113,66,66,1.4042553191489362
89,181,92,92,1.0337078651685394,176,87,87,0.9775280898876404,177,88,88,0.9887640449438202,165,76,76,0.8539325842696629
60,99,39,39,0.65,113,53,53,0.8833333333333333,93,33,33,0.55,117,57,57,0.95
62,212,150,150,2.4193548387096775,198,136,136,2.193548387096774,208,146,146,2.3548387096774195,184,122,122,1.967741935483871
64,222,158,158,2.46875,197,133,133,2.078125,227,163,163,2.546875,195,131,131,2.046875
84,222,138,138,1.6428571428571428,238,154,154,1.8333333333333333,244,160,160,1.9047619047619047,229,145,145,1.7261904761904763
90,247,157,157,1.7444444444444445,229,139,139,1.5444444444444445,273,183,183,2.033333333333333,189,99,99,1.1
85,205,120,120,1.411764705882353,186,101,101,1.188235294117647,139,54,54,0.6352941176470588,170,85,85,1.0
63,218,155,155,2.4603174603174605,159,96,96,1.5238095238095237,141,78,78,1.2380952380952381,136,73,73,1.1587301587301588
78,182,104,104,1.3333333333333333,176,98,98,1.2564102564102564,242,164,164,2.1025641025641026,185,107,107,1.3717948717948718
71,213,142,142,2.0,165,94,94,1.323943661971831,166,95,95,1.3380281690140845,180,109,109,1.5352112676056338
83,235,152,152,1.8313253012048192,195,112,112,1.3493975903614457,219,136,136,1.6385542168674698,199,116,116,1.3975903614457832
75,251,176,176,2.3466666666666667,183,108,108,1.44,161,86,86,1.1466666666666667,156,81,81,1.08
55,171,116,116,2.109090909090909,143,88,88,1.6,169,114,114,2.0727272727272728,132,77,77,1.4
86,174,88,88,1.0232558139534884,212,126,126,1.4651162790697674,210,124,124,1.441860465116279,219,133,133,1.5465116279069768
51,158,107,107,2.0980392156862746,156,105,105,2.0588235294117645,136,85,85,1.6666666666666667,101,50,50,0.9803921568627451
99,313,214,214,2.1616161616161618,268,169,169,1.707070707070707,244,145,145,1.4646464646464648,222,123,123,1.2424242424242424
55,136,81,81,1.4727272727272727,133,78,78,1.4181818181818182,120,65,65,1.1818181818181819,123,68,68,1.2363636363636363
57,140,83,83,1.456140350877193,102,45,45,0.7894736842105263,113,56,56,0.9824561403508771,124,67,67,1.1754385964912282
67,153,86,86,1.2835820895522387,149,82,82,1.2238805970149254,147,80,80,1.1940298507462686,177,110,110,1.6417910447761195
85,220,135,135,1.588235294117647,237,152,152,1.7882352941176471,158,73,73,0.8588235294117647,181,96,96,1.1294117647058823
22,74,52,52,2.3636363636363638,74,52,52,2.3636363636363638,59,37,37,1.6818181818181819,66,44,44,2.0
66,197,131,131,1.9848484848484849,151,85,85,1.2878787878787878,157,91,91,1.378787878787879,148,82,82,1.2424242424242424
50,176,126,126,2.52,145,95,95,1.9,159,109,109,2.18,149,99,99,1.98
105,306,201,201,1.9142857142857144,281,176,176,1.6761904761904762,287,182,182,1.7333333333333334,255,150,150,1.4285714285714286
94,266,172,172,1.8297872340425532,230,136,136,1.446808510638298,246,152,152,1.6170212765957446,226,132,132,1.4042553191489362
89,223,134,134,1.5056179775280898,210,121,121,1.3595505617977528,204,115,115,1.2921348314606742,192,103,103,1.1573033707865168
67,166,99,99,1.4776119402985075,152,85,85,1.2686567164179106,145,78,78,1.164179104477612,141,74,74,1.1044776119402986
80,148,68,68,0.85,181,101,101,1.2625,150,70,70,0.875,165,85,85,1.0625
95,260,165,165,1.736842105263158,196,101,101,1.063157894736842,200,105,105,1.105263157894737,203,108,108,1.1368421052631579
66,163,97,97,1.4696969696969697,175,109,109,1.6515151515151516,171,105,105,1.5909090909090908,160,94,94,1.4242424242424243
53,150,97,97,1.830188679245283,166,113,113,2.1320754716981134,145,92,92,1.7358490566037736,143,90,90,1.6981132075471699
73,154,81,81,1.1095890410958904,153,80,80,1.095890410958904,153,80,80,1.095890410958904,140,67,67,0.9178082191780822
50,138,88,88,1.76,130,80,80,1.6,139,89,89,1.78,104,54,54,1.08
47,144,97,97,2.0638297872340425,121,74,74,1.574468085106383,111,64,64,1.3617021276595744,114,67,67,1.425531914893617
64,141,77,77,1.203125,157,93,93,1.453125,149,85,85,1.328125,146,82,82,1.28125
57,158,101,101,1.7719298245614035,145,88,88,1.543859649122807,147,90,90,1.5789473684210527,123,66,66,1.1578947368421053
66,78,12,12,0.18181818181818182,153,87,87,1.3181818181818181,150,84,84,1.2727272727272727,134,68,68,1.0303030303030303
50,166,116,116,2.32,134,84,84,1.68,154,104,104,2.08,124,74,74,1.48
42,127,85,85,2.0238095238095237,121,79,79,1.880952380952381,120,78,78,1.8571428571428572,103,61,61,1.4523809523809523
62,190,128,128,2.064516129032258,137,75,75,1.2096774193548387,123,61,61,0.9838709677419355,138,76,76,1.2258064516129032
62,122,60,60,0.967741935483871,99,37,37,0.5967741935483871,113,51,51,0.8225806451612904,131,69,69,1.1129032258064515
56,106,50,50,0.8928571428571429,112,56,56,1.0,104,48,48,0.8571428571428571,113,57,57,1.0178571428571428
54,161,107,107,1.9814814814814814,141,87,87,1.6111111111111112,163,109,109,2.0185185185185186,139,85,85,1.5740740740740742
89,261,172,172,1.9325842696629214,238,149,149,1.6741573033707866,261,172,172,1.9325842696629214,219,130,130,1.4606741573033708
71,166,95,95,1.3380281690140845,177,106,106,1.4929577464788732,165,94,94,1.323943661971831,163,92,92,1.295774647887324
79,242,163,163,2.0632911392405062,194,115,115,1.4556962025316456,175,96,96,1.2151898734177216,183,104,104,1.3164556962025316
66,187,121,121,1.8333333333333333,176,110,110,1.6666666666666667,195,129,129,1.9545454545454546,179,113,113,1.7121212121212122
41,112,71,71,1.7317073170731707,148,107,107,2.6097560975609757,147,106,106,2.5853658536585367,137,96,96,2.341463414634146
40,110,70,70,1.75,89,49,49,1.225,91,51,51,1.275,91,51,51,1.275
106,218,112,112,1.0566037735849056,261,155,155,1.4622641509433962,221,115,115,1.0849056603773586,203,97,97,0.9150943396226415
68,140,72,72,1.0588235294117647,136,68,68,1.0,138,70,70,1.0294117647058822,128,60,60,0.8823529411764706
47,108,61,61,1.297872340425532,102,55,55,1.1702127659574468,101,54,54,1.148936170212766,100,53,53,1.127659574468085
83,224,141,141,1.6987951807228916,206,123,123,1.4819277108433735,198,115,115,1.3855421686746987,188,105,105,1.2650602409638554
76,163,87,87,1.144736842105263,212,136,136,1.7894736842105263,179,103,103,1.355263157894737,183,107,107,1.4078947368421053
68,184,116,116,1.7058823529411764,184,116,116,1.7058823529411764,180,112,112,1.6470588235294117,175,107,107,1.5735294117647058
86,178,92,92,1.069767441860465,194,108,108,1.255813953488372,196,110,110,1.2790697674418605,184,98,98,1.1395348837209303
50,114,64,64,1.28,106,56,56,1.12,125,75,75,1.5,141,91,91,1.82
85,191,106,106,1.2470588235294118,165,80,80,0.9411764705882353,197,112,112,1.3176470588235294,181,96,96,1.1294117647058823
95,171,76,76,0.8,184,89,89,0.9368421052631579,228,133,133,1.4,185,90,90,0.9473684210526315
52,125,73,73,1.4038461538461537,120,68,68,1.3076923076923077,113,61,61,1.1730769230769231,127,75,75,1.4423076923076923
108,223,115,115,1.0648148148148149,173,65,65,0.6018518518518519,239,131,131,1.212962962962963,216,108,108,1.0
73,197,124,124,1.6986301369863013,186,113,113,1.547945205479452,204,131,131,1.7945205479452055,180,107,107,1.4657534246575343
113,299,186,186,1.6460176991150441,282,169,169,1.4955752212389382,270,157,157,1.3893805309734513,254,141,141,1.247787610619469
102,306,204,204,2.0,272,170,170,1.6666666666666667,293,191,191,1.8725490196078431,265,163,163,1.5980392156862746
101,260,159,159,1.5742574257425743,252,151,151,1.495049504950495,253,152,152,1.504950495049505,231,130,130,1.2871287128712872
81,230,149,149,1.8395061728395061,219,138,138,1.7037037037037037,250,169,169,2.0864197530864197,226,145,145,1.7901234567901234
79,194,115,115,1.4556962025316456,197,118,118,1.4936708860759493,153,74,74,0.9367088607594937,149,70,70,0.8860759493670886
72,152,80,80,1.1111111111111112,142,70,70,0.9722222222222222,134,62,62,0.8611111111111112,167,95,95,1.3194444444444444
86,242,156,156,1.813953488372093,194,108,108,1.255813953488372,213,127,127,1.4767441860465116,206,120,120,1.3953488372093024
84,241,157,157,1.869047619047619,195,111,111,1.3214285714285714,263,179,179,2.130952380952381,229,145,145,1.7261904761904763
65,151,86,86,1.323076923076923,122,57,57,0.8769230769230769,142,77,77,1.1846153846153846,162,97,97,1.4923076923076923
50,100,50,50,1.0,125,75,75,1.5,115,65,65,1.3,105,55,55,1.1
67,212,145,145,2.1641791044776117,174,107,107,1.5970149253731343,185,118,118,1.7611940298507462,163,96,96,1.4328358208955223
66,128,62,62,0.9393939393939394,111,45,45,0.6818181818181818,125,59,59,0.8939393939393939,118,52,52,0.7878787878787878
95,186,91,91,0.9578947368421052,187,92,92,0.968421052631579,184,89,89,0.9368421052631579,168,73,73,0.7684210526315789
92,187,95,95,1.0326086956521738,218,126,126,1.3695652173913044,245,153,153,1.6630434782608696,197,105,105,1.141304347826087
89,196,107,107,1.202247191011236,206,117,117,1.3146067415730338,217,128,128,1.4382022471910112,213,124,124,1.3932584269662922
82,216,134,134,1.6341463414634145,215,133,133,1.6219512195121952,202,120,120,1.4634146341463414,205,123,123,1.5
51,161,110,110,2.156862745098039,158,107,107,2.0980392156862746,178,127,127,2.4901960784313726,152,101,101,1.9803921568627452
109,295,186,186,1.7064220183486238,272,163,163,1.4954128440366972,304,195,195,1.7889908256880733,270,161,161,1.4770642201834863
62,132,70,70,1.1290322580645162,153,91,91,1.467741935483871,169,107,107,1.7258064516129032,157,95,95,1.532258064516129
95,260,165,165,1.736842105263158,260,165,165,1.736842105263158,285,190,190,2.0,245,150,150,1.5789473684210527
102,265,163,163,1.5980392156862746,300,198,198,1.9411764705882353,347,245,245,2.4019607843137254,308,206,206,2.019607843137255
98,176,78,78,0.7959183673469388,182,84,84,0.8571428571428571,191,93,93,0.9489795918367347,165,67,67,0.6836734693877551
47,127,80,80,1.702127659574468,108,61,61,1.297872340425532,99,52,52,1.1063829787234043,99,52,52,1.1063829787234043
93,164,71,71,0.7634408602150538,187,94,94,1.010752688172043,181,88,88,0.946236559139785,176,83,83,0.8924731182795699
61,186,125,125,2.0491803278688523,130,69,69,1.1311475409836065,122,61,61,1.0,132,71,71,1.1639344262295082
14,56,42,42,3.0,48,34,34,2.4285714285714284,51,37,37,2.642857142857143,40,26,26,1.8571428571428572
61,150,89,89,1.459016393442623,123,62,62,1.0163934426229508,115,54,54,0.8852459016393442,125,64,64,1.0491803278688525
54,133,79,79,1.462962962962963,121,67,67,1.2407407407407407,140,86,86,1.5925925925925926,127,73,73,1.3518518518518519
57,157,100,100,1.7543859649122806,129,72,72,1.263157894736842,157,100,100,1.7543859649122806,142,85,85,1.4912280701754386
94,249,155,155,1.648936170212766,251,157,157,1.6702127659574468,240,146,146,1.553191489361702,201,107,107,1.1382978723404256
63,162,99,99,1.5714285714285714,150,87,87,1.380952380952381,153,90,90,1.4285714285714286,145,82,82,1.3015873015873016
89,278,189,189,2.1235955056179776,201,112,112,1.2584269662921348,214,125,125,1.404494382022472,210,121,121,1.3595505617977528
81,224,143,143,1.7654320987654322,210,129,129,1.5925925925925926,208,127,127,1.5679012345679013,224,143,143,1.7654320987654322
80,229,149,149,1.8625,180,100,100,1.25,181,101,101,1.2625,166,86,86,1.075
68,186,118,118,1.7352941176470589,134,66,66,0.9705882352941176,136,68,68,1.0,134,66,66,0.9705882352941176
62,124,62,62,1.0,163,101,101,1.6290322580645162,158,96,96,1.5483870967741935,152,90,90,1.4516129032258065
80,224,144,144,1.8,185,105,105,1.3125,168,88,88,1.1,197,117,117,1.4625
63,165,102,102,1.619047619047619,123,60,60,0.9523809523809523,114,51,51,0.8095238095238095,138,75,75,1.1904761904761905
34,72,38,38,1.1176470588235294,112,78,78,2.2941176470588234,66,32,32,0.9411764705882353,75,41,41,1.2058823529411764
84,184,100,100,1.1904761904761905,191,107,107,1.2738095238095237,194,110,110,1.3095238095238095,187,103,103,1.2261904761904763
131,332,201,201,1.534351145038168,286,155,155,1.183206106870229,245,114,114,0.8702290076335878,214,83,83,0.6335877862595419
65,167,102,102,1.5692307692307692,119,54,54,0.8307692307692308,135,70,70,1.0769230769230769,128,63,63,0.9692307692307692
76,178,102,102,1.3421052631578947,217,141,141,1.855263157894737,170,94,94,1.236842105263158,133,57,57,0.75
100,230,130,130,1.3,178,78,78,0.78,173,73,73,0.73,171,71,71,0.71
36,69,33,33,0.9166666666666666,69,33,33,0.9166666666666666,65,29,29,0.8055555555555556,87,51,51,1.4166666666666667
86,216,130,130,1.5116279069767442,199,113,113,1.313953488372093,187,101,101,1.1744186046511629,218,132,132,1.5348837209302326
61,129,68,68,1.1147540983606556,82,21,21,0.3442622950819672,119,58,58,0.9508196721311475,128,67,67,1.098360655737705
81,168,87,87,1.0740740740740742,151,70,70,0.8641975308641975,184,103,103,1.271604938271605,160,79,79,0.9753086419753086
55,110,55,55,1.0,88,33,33,0.6,97,42,42,0.7636363636363637,92,37,37,0.6727272727272727
46,91,45,45,0.9782608695652174,127,81,81,1.7608695652173914,92,46,46,1.0,76,30,30,0.6521739130434783
115,228,113,113,0.9826086956521739,195,80,80,0.6956521739130435,182,67,67,0.5826086956521739,197,82,82,0.7130434782608696
168,381,213,213,1.2678571428571428,368,200,200,1.1904761904761905,329,161,161,0.9583333333333334,348,180,180,1.0714285714285714
72,144,72,72,1.0,115,43,43,0.5972222222222222,135,63,63,0.875,97,25,25,0.3472222222222222
29,39,10,10,0.3448275862068966,54,25,25,0.8620689655172413,52,23,23,0.7931034482758621,48,19,19,0.6551724137931034
77,165,88,88,1.1428571428571428,150,73,73,0.948051948051948,154,77,77,1.0,148,71,71,0.922077922077922
79,125,46,46,0.5822784810126582,130,51,51,0.6455696202531646,115,36,36,0.45569620253164556,128,49,49,0.620253164556962
52,122,70,70,1.3461538461538463,118,66,66,1.2692307692307692,110,58,58,1.1153846153846154,151,99,99,1.9038461538461537
65,163,98,98,1.5076923076923077,150,85,85,1.3076923076923077,129,64,64,0.9846153846153847,113,48,48,0.7384615384615385
66,171,105,105,1.5909090909090908,141,75,75,1.1363636363636365,122,56,56,0.8484848484848485,133,67,67,1.0151515151515151
72,167,95,95,1.3194444444444444,147,75,75,1.0416666666666667,147,75,75,1.0416666666666667,148,76,76,1.0555555555555556
134,334,200,200,1.492537313432836,329,195,195,1.455223880597015,286,152,152,1.1343283582089552,284,150,150,1.1194029850746268
76,157,81,81,1.0657894736842106,167,91,91,1.1973684210526316,153,77,77,1.013157894736842,145,69,69,0.9078947368421053
39,87,48,48,1.2307692307692308,75,36,36,0.9230769230769231,75,36,36,0.9230769230769231,74,35,35,0.8974358974358975
60,131,71,71,1.1833333333333333,112,52,52,0.8666666666666667,108,48,48,0.8,108,48,48,0.8
140,219,79,79,0.5642857142857143,226,86,86,0.6142857142857143,228,88,88,0.6285714285714286,268,128,128,0.9142857142857143
28,64,36,36,1.2857142857142858,70,42,42,1.5,67,39,39,1.3928571428571428,65,37,37,1.3214285714285714
84,170,86,86,1.0238095238095237,173,89,89,1.0595238095238095,164,80,80,0.9523809523809523,151,67,67,0.7976190476190477
20,45,25,25,1.25,44,24,24,1.2,44,24,24,1.2,44,24,24,1.2
87,184,97,97,1.1149425287356323,162,75,75,0.8620689655172413,160,73,73,0.8390804597701149,145,58,58,0.6666666666666666
62,131,69,69,1.1129032258064515,111,49,49,0.7903225806451613,126,64,64,1.032258064516129,115,53,53,0.8548387096774194
39,75,36,36,0.9230769230769231,81,42,42,1.0769230769230769,72,33,33,0.8461538461538461,78,39,39,1.0
86,167,81,81,0.9418604651162791,166,80,80,0.9302325581395349,175,89,89,1.0348837209302326,157,71,71,0.8255813953488372
64,123,59,59,0.921875,104,40,40,0.625,97,33,33,0.515625,100,36,36,0.5625
68,142,74,74,1.088235294117647,128,60,60,0.8823529411764706,121,53,53,0.7794117647058824,117,49,49,0.7205882352941176
24,52,28,28,1.1666666666666667,49,25,25,1.0416666666666667,53,29,29,1.2083333333333333,28,4,4,0.16666666666666666
60,114,54,54,0.9,157,97,97,1.6166666666666667,120,60,60,1.0,131,71,71,1.1833333333333333
125,247,122,122,0.976,209,84,84,0.672,250,125,125,1.0,216,91,91,0.728
93,229,136,136,1.4623655913978495,176,83,83,0.8924731182795699,171,78,78,0.8387096774193549,169,76,76,0.8172043010752689
48,117,69,69,1.4375,102,54,54,1.125,109,61,61,1.2708333333333333,103,55,55,1.1458333333333333
38,74,36,36,0.9473684210526315,93,55,55,1.4473684210526316,86,48,48,1.263157894736842,91,53,53,1.394736842105263
31,66,35,35,1.1290322580645162,71,40,40,1.2903225806451613,66,35,35,1.1290322580645162,63,32,32,1.032258064516129
8,15,7,7,0.875,16,8,8,1.0,15,7,7,0.875,14,6,6,0.75
47,92,45,45,0.9574468085106383,68,21,21,0.44680851063829785,74,27,27,0.574468085106383,70,23,23,0.48936170212765956
36,78,42,42,1.1666666666666667,76,40,40,1.1111111111111112,72,36,36,1.0,67,31,31,0.8611111111111112
44,86,42,42,0.9545454545454546,89,45,45,1.0227272727272727,94,50,50,1.1363636363636365,93,49,49,1.1136363636363635
43,102,59,59,1.372093023255814,97,54,54,1.255813953488372,89,46,46,1.069767441860465,78,35,35,0.813953488372093
36,57,21,21,0.5833333333333334,62,26,26,0.7222222222222222,57,21,21,0.5833333333333334,51,15,15,0.4166666666666667
67,126,59,59,0.8805970149253731,132,65,65,0.9701492537313433,127,60,60,0.8955223880597015,111,44,44,0.6567164179104478
69,135,66,66,0.9565217391304348,132,63,63,0.9130434782608695,133,64,64,0.927536231884058,120,51,51,0.7391304347826086
24,45,21,21,0.875,50,26,26,1.0833333333333333,46,22,22,0.9166666666666666,43,19,19,0.7916666666666666
26,31,5,5,0.19230769230769232,34,8,8,0.3076923076923077,32,6,6,0.23076923076923078,37,11,11,0.4230769230769231
32,76,44,44,1.375,77,45,45,1.40625,75,43,43,1.34375,46,14,14,0.4375
16,50,34,34,2.125,31,15,15,0.9375,37,21,21,1.3125,40,24,24,1.5
40,85,45,45,1.125,81,41,41,1.025,78,38,38,0.95,70,30,30,0.75
42,92,50,50,1.1904761904761905,97,55,55,1.3095238095238095,82,40,40,0.9523809523809523,83,41,41,0.9761904761904762
50,90,40,40,0.8,102,52,52,1.04,89,39,39,0.78,105,55,55,1.1
76,153,77,77,1.013157894736842,134,58,58,0.7631578947368421,133,57,57,0.75,151,75,75,0.9868421052631579
79,148,69,69,0.8734177215189873,145,66,66,0.8354430379746836,156,77,77,0.9746835443037974,145,66,66,0.8354430379746836
75,139,64,64,0.8533333333333334,119,44,44,0.5866666666666667,146,71,71,0.9466666666666667,135,60,60,0.8
29,80,51,51,1.7586206896551724,78,49,49,1.6896551724137931,68,39,39,1.3448275862068966,58,29,29,1.0
33,90,57,57,1.7272727272727273,78,45,45,1.3636363636363635,77,44,44,1.3333333333333333,77,44,44,1.3333333333333333
60,145,85,85,1.4166666666666667,152,92,92,1.5333333333333334,141,81,81,1.35,150,90,90,1.5
28,71,43,43,1.5357142857142858,64,36,36,1.2857142857142858,60,32,32,1.1428571428571428,60,32,32,1.1428571428571428
59,148,89,89,1.5084745762711864,140,81,81,1.3728813559322033,125,66,66,1.11864406779661,144,85,85,1.4406779661016949
44,96,52,52,1.1818181818181819,100,56,56,1.2727272727272727,99,55,55,1.25,97,53,53,1.2045454545454546
58,160,102,102,1.7586206896551724,165,107,107,1.8448275862068966,143,85,85,1.4655172413793103,137,79,79,1.3620689655172413
52,143,91,91,1.75,139,87,87,1.6730769230769231,143,91,91,1.75,123,71,71,1.3653846153846154
69,174,105,105,1.5217391304347827,159,90,90,1.3043478260869565,155,86,86,1.2463768115942029,154,85,85,1.2318840579710144
36,80,44,44,1.2222222222222223,87,51,51,1.4166666666666667,76,40,40,1.1111111111111112,58,22,22,0.6111111111111112
86,227,141,141,1.6395348837209303,170,84,84,0.9767441860465116,194,108,108,1.255813953488372,162,76,76,0.8837209302325582
134,246,112,112,0.835820895522388,255,121,121,0.9029850746268657,245,111,111,0.8283582089552238,224,90,90,0.6716417910447762
53,148,95,95,1.7924528301886793,141,88,88,1.6603773584905661,116,63,63,1.1886792452830188,111,58,58,1.0943396226415094
68,161,93,93,1.3676470588235294,146,78,78,1.1470588235294117,89,21,21,0.3088235294117647,150,82,82,1.2058823529411764
60,157,97,97,1.6166666666666667,163,103,103,1.7166666666666666,116,56,56,0.9333333333333333,131,71,71,1.1833333333333333
27,51,24,24,0.8888888888888888,38,11,11,0.4074074074074074,46,19,19,0.7037037037037037,42,15,15,0.5555555555555556
59,90,31,31,0.5254237288135594,92,33,33,0.559322033898305,87,28,28,0.4745762711864407,87,28,28,0.4745762711864407
60,172,112,112,1.8666666666666667,176,116,116,1.9333333333333333,167,107,107,1.7833333333333334,145,85,85,1.4166666666666667
99,216,117,117,1.1818181818181819,212,113,113,1.1414141414141414,163,64,64,0.6464646464646465,204,105,105,1.0606060606060606
34,88,54,54,1.588235294117647,86,52,52,1.5294117647058822,82,48,48,1.411764705882353,99,65,65,1.911764705882353
60,133,73,73,1.2166666666666666,127,67,67,1.1166666666666667,105,45,45,0.75,116,56,56,0.9333333333333333
84,168,84,84,1.0,161,77,77,0.9166666666666666,183,99,99,1.1785714285714286,157,73,73,0.8690476190476191
62,111,49,49,0.7903225806451613,107,45,45,0.7258064516129032,88,26,26,0.41935483870967744,87,25,25,0.4032258064516129
43,68,25,25,0.5813953488372093,71,28,28,0.6511627906976745,64,21,21,0.4883720930232558,55,12,12,0.27906976744186046
30,48,18,18,0.6,50,20,20,0.6666666666666666,59,29,29,0.9666666666666667,39,9,9,0.3
37,77,40,40,1.0810810810810811,71,34,34,0.918918918918919,66,29,29,0.7837837837837838,75,38,38,1.027027027027027
16,25,9,9,0.5625,18,2,2,0.125,21,5,5,0.3125,18,2,2,0.125
22,42,20,20,0.9090909090909091,36,14,14,0.6363636363636364,37,15,15,0.6818181818181818,36,14,14,0.6363636363636364
74,154,80,80,1.0810810810810811,155,81,81,1.0945945945945945,149,75,75,1.0135135135135136,136,62,62,0.8378378378378378
42,97,55,55,1.3095238095238095,93,51,51,1.2142857142857142,85,43,43,1.0238095238095237,74,32,32,0.7619047619047619
25,50,25,25,1.0,52,27,27,1.08,50,25,25,1.0,45,20,20,0.8
44,80,36,36,0.8181818181818182,78,34,34,0.7727272727272727,89,45,45,1.0227272727272727,64,20,20,0.45454545454545453
22,44,22,22,1.0,39,17,17,0.7727272727272727,44,22,22,1.0,38,16,16,0.7272727272727273
52,127,75,75,1.4423076923076923,103,51,51,0.9807692307692307,95,43,43,0.8269230769230769,96,44,44,0.8461538461538461
84,181,97,97,1.1547619047619047,170,86,86,1.0238095238095237,142,58,58,0.6904761904761905,132,48,48,0.5714285714285714
66,158,92,92,1.393939393939394,150,84,84,1.2727272727272727,158,92,92,1.393939393939394,150,84,84,1.2727272727272727
64,143,79,79,1.234375,141,77,77,1.203125,131,67,67,1.046875,130,66,66,1.03125
150,276,126,126,0.84,272,122,122,0.8133333333333334,230,80,80,0.5333333333333333,207,57,57,0.38
16,26,10,10,0.625,30,14,14,0.875,33,17,17,1.0625,34,18,18,1.125
36,72,36,36,1.0,53,17,17,0.4722222222222222,65,29,29,0.8055555555555556,49,13,13,0.3611111111111111
44,72,28,28,0.6363636363636364,75,31,31,0.7045454545454546,86,42,42,0.9545454545454546,76,32,32,0.7272727272727273
17,35,18,18,1.0588235294117647,36,19,19,1.1176470588235294,40,23,23,1.3529411764705883,31,14,14,0.8235294117647058
20,57,37,37,1.85,51,31,31,1.55,38,18,18,0.9,41,21,21,1.05
25,58,33,33,1.32,43,18,18,0.72,58,33,33,1.32,48,23,23,0.92
56,79,23,23,0.4107142857142857,85,29,29,0.5178571428571429,97,41,41,0.7321428571428571,99,43,43,0.7678571428571429
47,117,70,70,1.4893617021276595,89,42,42,0.8936170212765957,101,54,54,1.148936170212766,95,48,48,1.0212765957446808
64,147,83,83,1.296875,142,78,78,1.21875,126,62,62,0.96875,94,30,30,0.46875
19,24,5,5,0.2631578947368421,23,4,4,0.21052631578947367,26,7,7,0.3684210526315789,26,7,7,0.3684210526315789
41,86,45,45,1.0975609756097562,85,44,44,1.0731707317073171,76,35,35,0.8536585365853658,71,30,30,0.7317073170731707
66,133,67,67,1.0151515151515151,156,90,90,1.3636363636363635,123,57,57,0.8636363636363636,116,50,50,0.7575757575757576
50,132,82,82,1.64,131,81,81,1.62,110,60,60,1.2,128,78,78,1.56
100,194,94,94,0.94,185,85,85,0.85,175,75,75,0.75,137,37,37,0.37
51,132,81,81,1.588235294117647,137,86,86,1.6862745098039216,129,78,78,1.5294117647058822,130,79,79,1.5490196078431373
71,177,106,106,1.4929577464788732,156,85,85,1.1971830985915493,144,73,73,1.028169014084507,138,67,67,0.9436619718309859
88,266,178,178,2.022727272727273,226,138,138,1.5681818181818181,220,132,132,1.5,205,117,117,1.3295454545454546
57,160,103,103,1.8070175438596492,143,86,86,1.5087719298245614,158,101,101,1.7719298245614035,154,97,97,1.7017543859649122
98,193,95,95,0.9693877551020408,190,92,92,0.9387755102040817,201,103,103,1.0510204081632653,188,90,90,0.9183673469387755
63,118,55,55,0.873015873015873,135,72,72,1.1428571428571428,150,87,87,1.380952380952381,132,69,69,1.0952380952380953
67,125,58,58,0.8656716417910447,131,64,64,0.9552238805970149,151,84,84,1.2537313432835822,96,29,29,0.43283582089552236
86,209,123,123,1.430232558139535,270,184,184,2.13953488372093,206,120,120,1.3953488372093024,189,103,103,1.197674418604651
110,275,165,165,1.5,249,139,139,1.2636363636363637,256,146,146,1.3272727272727274,236,126,126,1.1454545454545455
107,324,217,217,2.02803738317757,283,176,176,1.644859813084112,234,127,127,1.1869158878504673,221,114,114,1.0654205607476634
97,248,151,151,1.556701030927835,228,131,131,1.3505154639175259,225,128,128,1.3195876288659794,218,121,121,1.2474226804123711
21,35,14,14,0.6666666666666666,20,-1,1,0.047619047619047616,34,13,13,0.6190476190476191,34,13,13,0.6190476190476191
51,123,72,72,1.411764705882353,93,42,42,0.8235294117647058,97,46,46,0.9019607843137255,113,62,62,1.2156862745098038
66,79,13,13,0.19696969696969696,124,58,58,0.8787878787878788,122,56,56,0.8484848484848485,99,33,33,0.5
33,89,56,56,1.696969696969697,83,50,50,1.5151515151515151,82,49,49,1.4848484848484849,89,56,56,1.696969696969697
68,137,69,69,1.0147058823529411,128,60,60,0.8823529411764706,104,36,36,0.5294117647058824,128,60,60,0.8823529411764706
48,105,57,57,1.1875,90,42,42,0.875,96,48,48,1.0,84,36,36,0.75
62,183,121,121,1.9516129032258065,164,102,102,1.6451612903225807,146,84,84,1.3548387096774193,146,84,84,1.3548387096774193
47,121,74,74,1.574468085106383,122,75,75,1.5957446808510638,126,79,79,1.6808510638297873,123,76,76,1.6170212765957446
67,130,63,63,0.9402985074626866,103,36,36,0.5373134328358209,115,48,48,0.7164179104477612,105,38,38,0.5671641791044776
51,107,56,56,1.0980392156862746,79,28,28,0.5490196078431373,73,22,22,0.43137254901960786,73,22,22,0.43137254901960786
55,144,89,89,1.6181818181818182,104,49,49,0.8909090909090909,102,47,47,0.8545454545454545,126,71,71,1.290909090909091
60,157,97,97,1.6166666666666667,135,75,75,1.25,146,86,86,1.4333333333333333,144,84,84,1.4
66,153,87,87,1.3181818181818181,139,73,73,1.106060606060606,151,85,85,1.2878787878787878,147,81,81,1.2272727272727273
51,104,53,53,1.0392156862745099,122,71,71,1.392156862745098,123,72,72,1.411764705882353,118,67,67,1.3137254901960784
47,167,120,120,2.5531914893617023,143,96,96,2.0425531914893615,139,92,92,1.9574468085106382,114,67,67,1.425531914893617
49,109,60,60,1.2244897959183674,117,68,68,1.3877551020408163,114,65,65,1.3265306122448979,110,61,61,1.2448979591836735
86,217,131,131,1.5232558139534884,179,93,93,1.0813953488372092,190,104,104,1.2093023255813953,206,120,120,1.3953488372093024
74,244,170,170,2.2972972972972974,173,99,99,1.337837837837838,217,143,143,1.9324324324324325,163,89,89,1.2027027027027026
19,79,60,60,3.1578947368421053,74,55,55,2.8947368421052633,72,53,53,2.789473684210526,50,31,31,1.631578947368421
65,175,110,110,1.6923076923076923,130,65,65,1.0,165,100,100,1.5384615384615385,162,97,97,1.4923076923076923
44,137,93,93,2.1136363636363638,134,90,90,2.0454545454545454,108,64,64,1.4545454545454546,97,53,53,1.2045454545454546
59,206,147,147,2.4915254237288136,172,113,113,1.9152542372881356,168,109,109,1.847457627118644,151,92,92,1.5593220338983051
87,194,107,107,1.2298850574712643,197,110,110,1.264367816091954,192,105,105,1.206896551724138,156,69,69,0.7931034482758621
72,203,131,131,1.8194444444444444,142,70,70,0.9722222222222222,124,52,52,0.7222222222222222,113,41,41,0.5694444444444444
49,152,103,103,2.1020408163265305,122,73,73,1.489795918367347,124,75,75,1.530612244897959,118,69,69,1.4081632653061225
91,292,201,201,2.208791208791209,326,235,235,2.5824175824175826,303,212,212,2.32967032967033,263,172,172,1.89010989010989
53,194,141,141,2.660377358490566,161,108,108,2.0377358490566038,183,130,130,2.452830188679245,119,66,66,1.2452830188679245
55,179,124,124,2.2545454545454544,178,123,123,2.2363636363636363,161,106,106,1.9272727272727272,160,105,105,1.9090909090909092
48,133,85,85,1.7708333333333333,171,123,123,2.5625,162,114,114,2.375,174,126,126,2.625
47,140,93,93,1.9787234042553192,120,73,73,1.553191489361702,117,70,70,1.4893617021276595,126,79,79,1.6808510638297873
51,188,137,137,2.6862745098039214,165,114,114,2.235294117647059,170,119,119,2.3333333333333335,140,89,89,1.7450980392156863
67,185,118,118,1.7611940298507462,186,119,119,1.7761194029850746,189,122,122,1.8208955223880596,161,94,94,1.4029850746268657
62,182,120,120,1.935483870967742,169,107,107,1.7258064516129032,176,114,114,1.8387096774193548,163,101,101,1.6290322580645162
89,304,215,215,2.4157303370786516,308,219,219,2.460674157303371,257,168,168,1.8876404494382022,248,159,159,1.7865168539325842
76,218,142,142,1.868421052631579,235,159,159,2.0921052631578947,230,154,154,2.026315789473684,214,138,138,1.8157894736842106
68,161,93,93,1.3676470588235294,174,106,106,1.5588235294117647,176,108,108,1.588235294117647,185,117,117,1.7205882352941178
72,194,122,122,1.6944444444444444,188,116,116,1.6111111111111112,193,121,121,1.6805555555555556,201,129,129,1.7916666666666667
87,276,189,189,2.1724137931034484,272,185,185,2.1264367816091956,271,184,184,2.1149425287356323,262,175,175,2.0114942528735633
103,294,191,191,1.854368932038835,299,196,196,1.9029126213592233,288,185,185,1.796116504854369,254,151,151,1.4660194174757282
85,226,141,141,1.6588235294117648,231,146,146,1.7176470588235293,209,124,124,1.4588235294117646,228,143,143,1.6823529411764706
60,166,106,106,1.7666666666666666,146,86,86,1.4333333333333333,139,79,79,1.3166666666666667,131,71,71,1.1833333333333333
81,230,149,149,1.8395061728395061,204,123,123,1.5185185185185186,252,171,171,2.111111111111111,187,106,106,1.308641975308642
83,263,180,180,2.1686746987951806,222,139,139,1.6746987951807228,196,113,113,1.3614457831325302,209,126,126,1.5180722891566265
99,242,143,143,1.4444444444444444,248,149,149,1.505050505050505,254,155,155,1.5656565656565657,223,124,124,1.2525252525252526
88,154,66,66,0.75,288,200,200,2.272727272727273,241,153,153,1.7386363636363635,226,138,138,1.5681818181818181
103,292,189,189,1.8349514563106797,226,123,123,1.1941747572815533,221,118,118,1.145631067961165,229,126,126,1.2233009708737863
54,129,75,75,1.3888888888888888,150,96,96,1.7777777777777777,128,74,74,1.3703703703703705,146,92,92,1.7037037037037037
46,134,88,88,1.9130434782608696,116,70,70,1.5217391304347827,129,83,83,1.8043478260869565,86,40,40,0.8695652173913043
79,131,52,52,0.6582278481012658,141,62,62,0.7848101265822784,163,84,84,1.0632911392405062,158,79,79,1.0
61,126,65,65,1.0655737704918034,125,64,64,1.0491803278688525,141,80,80,1.3114754098360655,123,62,62,1.0163934426229508
74,205,131,131,1.7702702702702702,211,137,137,1.8513513513513513,208,134,134,1.8108108108108107,196,122,122,1.6486486486486487
65,157,92,92,1.4153846153846155,141,76,76,1.1692307692307693,182,117,117,1.8,166,101,101,1.5538461538461539
47,88,41,41,0.8723404255319149,88,41,41,0.8723404255319149,85,38,38,0.8085106382978723,101,54,54,1.148936170212766
65,152,87,87,1.3384615384615384,143,78,78,1.2,143,78,78,1.2,118,53,53,0.8153846153846154
84,174,90,90,1.0714285714285714,213,129,129,1.5357142857142858,178,94,94,1.119047619047619,181,97,97,1.1547619047619047
71,200,129,129,1.8169014084507042,192,121,121,1.704225352112676,167,96,96,1.352112676056338,196,125,125,1.7605633802816902
50,118,68,68,1.36,112,62,62,1.24,107,57,57,1.14,102,52,52,1.04
69,178,109,109,1.5797101449275361,215,146,146,2.1159420289855073,200,131,131,1.8985507246376812,175,106,106,1.536231884057971
77,178,101,101,1.3116883116883118,177,100,100,1.2987012987012987,187,110,110,1.4285714285714286,132,55,55,0.7142857142857143
71,184,113,113,1.591549295774648,179,108,108,1.5211267605633803,158,87,87,1.2253521126760563,140,69,69,0.971830985915493
53,162,109,109,2.056603773584906,183,130,130,2.452830188679245,170,117,117,2.207547169811321,159,106,106,2.0
81,184,103,103,1.271604938271605,154,73,73,0.9012345679012346,168,87,87,1.0740740740740742,139,58,58,0.7160493827160493
94,238,144,144,1.5319148936170213,225,131,131,1.3936170212765957,214,120,120,1.2765957446808511,207,113,113,1.202127659574468
85,272,187,187,2.2,288,203,203,2.388235294117647,282,197,197,2.3176470588235296,258,173,173,2.0352941176470587
101,285,184,184,1.8217821782178218,229,128,128,1.2673267326732673,231,130,130,1.2871287128712872,233,132,132,1.306930693069307
49,140,91,91,1.8571428571428572,180,131,131,2.673469387755102,135,86,86,1.7551020408163265,144,95,95,1.9387755102040816
64,121,57,57,0.890625,200,136,136,2.125,205,141,141,2.203125,162,98,98,1.53125
64,216,152,152,2.375,178,114,114,1.78125,185,121,121,1.890625,164,100,100,1.5625
75,249,174,174,2.32,225,150,150,2.0,246,171,171,2.28,221,146,146,1.9466666666666668
48,95,47,47,0.9791666666666666,138,90,90,1.875,152,104,104,2.1666666666666665,128,80,80,1.6666666666666667
71,237,166,166,2.3380281690140845,202,131,131,1.8450704225352113,247,176,176,2.4788732394366195,194,123,123,1.732394366197183
75,279,204,204,2.72,267,192,192,2.56,263,188,188,2.506666666666667,249,174,174,2.32
59,156,97,97,1.6440677966101696,168,109,109,1.847457627118644,259,200,200,3.389830508474576,166,107,107,1.8135593220338984
99,245,146,146,1.4747474747474747,224,125,125,1.2626262626262625,232,133,133,1.3434343434343434,236,137,137,1.3838383838383839
90,342,252,252,2.8,295,205,205,2.2777777777777777,313,223,223,2.477777777777778,252,162,162,1.8
46,79,33,33,0.717391304347826,85,39,39,0.8478260869565217,112,66,66,1.434782608695652,97,51,51,1.108695652173913
82,302,220,220,2.682926829268293,259,177,177,2.158536585365854,274,192,192,2.341463414634146,232,150,150,1.829268292682927
50,121,71,71,1.42,142,92,92,1.84,123,73,73,1.46,117,67,67,1.34
53,151,98,98,1.849056603773585,160,107,107,2.018867924528302,107,54,54,1.0188679245283019,118,65,65,1.2264150943396226
92,200,108,108,1.173913043478261,199,107,107,1.1630434782608696,198,106,106,1.1521739130434783,183,91,91,0.9891304347826086
66,138,72,72,1.0909090909090908,130,64,64,0.9696969696969697,125,59,59,0.8939393939393939,130,64,64,0.9696969696969697
93,190,97,97,1.043010752688172,179,86,86,0.9247311827956989,164,71,71,0.7634408602150538,179,86,86,0.9247311827956989
78,163,85,85,1.0897435897435896,193,115,115,1.4743589743589745,146,68,68,0.8717948717948718,140,62,62,0.7948717948717948
92,188,96,96,1.0434782608695652,167,75,75,0.8152173913043478,146,54,54,0.5869565217391305,141,49,49,0.532608695652174
51,96,45,45,0.8823529411764706,84,33,33,0.6470588235294118,84,33,33,0.6470588235294118,84,33,33,0.6470588235294118
66,112,46,46,0.696969696969697,110,44,44,0.6666666666666666,92,26,26,0.3939393939393939,89,23,23,0.3484848484848485
75,182,107,107,1.4266666666666667,152,77,77,1.0266666666666666,159,84,84,1.12,158,83,83,1.1066666666666667
68,115,47,47,0.6911764705882353,139,71,71,1.0441176470588236,119,51,51,0.75,132,64,64,0.9411764705882353
61,104,43,43,0.7049180327868853,165,104,104,1.7049180327868851,132,71,71,1.1639344262295082,126,65,65,1.0655737704918034
76,136,60,60,0.7894736842105263,151,75,75,0.9868421052631579,135,59,59,0.7763157894736842,134,58,58,0.7631578947368421
51,118,67,67,1.3137254901960784,96,45,45,0.8823529411764706,113,62,62,1.2156862745098038,119,68,68,1.3333333333333333
83,204,121,121,1.4578313253012047,179,96,96,1.1566265060240963,176,93,93,1.1204819277108433,182,99,99,1.1927710843373494
106,222,116,116,1.0943396226415094,243,137,137,1.2924528301886793,205,99,99,0.9339622641509434,226,120,120,1.1320754716981132
80,139,59,59,0.7375,139,59,59,0.7375,151,71,71,0.8875,145,65,65,0.8125
49,90,41,41,0.8367346938775511,76,27,27,0.5510204081632653,77,28,28,0.5714285714285714,78,29,29,0.5918367346938775
45,136,91,91,2.022222222222222,100,55,55,1.2222222222222223,104,59,59,1.3111111111111111,101,56,56,1.2444444444444445
53,94,41,41,0.7735849056603774,86,33,33,0.6226415094339622,82,29,29,0.5471698113207547,84,31,31,0.5849056603773585
106,245,139,139,1.3113207547169812,198,92,92,0.8679245283018868,202,96,96,0.9056603773584906,243,137,137,1.2924528301886793
73,167,94,94,1.2876712328767124,142,69,69,0.9452054794520548,110,37,37,0.5068493150684932,114,41,41,0.5616438356164384
82,115,33,33,0.4024390243902439,156,74,74,0.9024390243902439,144,62,62,0.7560975609756098,122,40,40,0.4878048780487805
49,135,86,86,1.7551020408163265,144,95,95,1.9387755102040816,118,69,69,1.4081632653061225,123,74,74,1.510204081632653
35,79,44,44,1.2571428571428571,71,36,36,1.0285714285714285,115,80,80,2.2857142857142856,111,76,76,2.1714285714285713
127,296,169,169,1.330708661417323,273,146,146,1.1496062992125984,273,146,146,1.1496062992125984,255,128,128,1.0078740157480315
49,130,81,81,1.653061224489796,130,81,81,1.653061224489796,115,66,66,1.346938775510204,102,53,53,1.0816326530612246
32,48,16,16,0.5,48,16,16,0.5,55,23,23,0.71875,50,18,18,0.5625
36,81,45,45,1.25,66,30,30,0.8333333333333334,76,40,40,1.1111111111111112,61,25,25,0.6944444444444444
38,104,66,66,1.736842105263158,99,61,61,1.605263157894737,93,55,55,1.4473684210526316,101,63,63,1.6578947368421053
64,137,73,73,1.140625,147,83,83,1.296875,124,60,60,0.9375,111,47,47,0.734375
59,134,75,75,1.271186440677966,107,48,48,0.8135593220338984,109,50,50,0.847457627118644,105,46,46,0.7796610169491526
37,82,45,45,1.2162162162162162,63,26,26,0.7027027027027027,67,30,30,0.8108108108108109,80,43,43,1.162162162162162
80,210,130,130,1.625,202,122,122,1.525,177,97,97,1.2125,186,106,106,1.325
85,215,130,130,1.5294117647058822,211,126,126,1.4823529411764707,196,111,111,1.3058823529411765,195,110,110,1.2941176470588236
82,192,110,110,1.3414634146341464,186,104,104,1.2682926829268293,165,83,83,1.0121951219512195,164,82,82,1.0
68,167,99,99,1.4558823529411764,131,63,63,0.9264705882352942,145,77,77,1.1323529411764706,151,83,83,1.2205882352941178
51,106,55,55,1.0784313725490196,106,55,55,1.0784313725490196,100,49,49,0.9607843137254902,99,48,48,0.9411764705882353
40,88,48,48,1.2,59,19,19,0.475,78,38,38,0.95,84,44,44,1.1
59,121,62,62,1.0508474576271187,133,74,74,1.2542372881355932,128,69,69,1.1694915254237288,133,74,74,1.2542372881355932
67,204,137,137,2.044776119402985,147,80,80,1.1940298507462686,145,78,78,1.164179104477612,132,65,65,0.9701492537313433
54,120,66,66,1.2222222222222223,146,92,92,1.7037037037037037,112,58,58,1.0740740740740742,102,48,48,0.8888888888888888
74,157,83,83,1.1216216216216217,157,83,83,1.1216216216216217,154,80,80,1.0810810810810811,151,77,77,1.0405405405405406
103,224,121,121,1.174757281553398,185,82,82,0.7961165048543689,174,71,71,0.6893203883495146,193,90,90,0.8737864077669902
84,153,69,69,0.8214285714285714,198,114,114,1.3571428571428572,167,83,83,0.9880952380952381,158,74,74,0.8809523809523809
99,257,158,158,1.595959595959596,222,123,123,1.2424242424242424,198,99,99,1.0,212,113,113,1.1414141414141414
38,86,48,48,1.263157894736842,96,58,58,1.5263157894736843,98,60,60,1.5789473684210527,86,48,48,1.263157894736842
53,69,16,16,0.3018867924528302,60,7,7,0.1320754716981132,66,13,13,0.24528301886792453,56,3,3,0.05660377358490566
25,58,33,33,1.32,61,36,36,1.44,54,29,29,1.16,56,31,31,1.24
89,223,134,134,1.5056179775280898,191,102,102,1.146067415730337,188,99,99,1.1123595505617978,170,81,81,0.9101123595505618
125,264,139,139,1.112,265,140,140,1.12,238,113,113,0.904,257,132,132,1.056
54,136,82,82,1.5185185185185186,119,65,65,1.2037037037037037,112,58,58,1.0740740740740742,115,61,61,1.1296296296296295
49,109,60,60,1.2244897959183674,105,56,56,1.1428571428571428,89,40,40,0.8163265306122449,108,59,59,1.2040816326530612
80,181,101,101,1.2625,207,127,127,1.5875,199,119,119,1.4875,194,114,114,1.425
54,126,72,72,1.3333333333333333,124,70,70,1.2962962962962963,111,57,57,1.0555555555555556,114,60,60,1.1111111111111112
79,169,90,90,1.139240506329114,159,80,80,1.0126582278481013,165,86,86,1.0886075949367089,166,87,87,1.1012658227848102
121,259,138,138,1.140495867768595,260,139,139,1.1487603305785123,246,125,125,1.0330578512396693,227,106,106,0.8760330578512396
92,205,113,113,1.2282608695652173,185,93,93,1.0108695652173914,196,104,104,1.1304347826086956,189,97,97,1.0543478260869565
86,207,121,121,1.4069767441860466,191,105,105,1.2209302325581395,173,87,87,1.0116279069767442,191,105,105,1.2209302325581395
38,104,66,66,1.736842105263158,95,57,57,1.5,92,54,54,1.4210526315789473,78,40,40,1.0526315789473684
66,176,110,110,1.6666666666666667,179,113,113,1.7121212121212122,182,116,116,1.7575757575757576,172,106,106,1.606060606060606
31,61,30,30,0.967741935483871,73,42,42,1.3548387096774193,54,23,23,0.7419354838709677,59,28,28,0.9032258064516129
83,210,127,127,1.5301204819277108,174,91,91,1.0963855421686748,169,86,86,1.036144578313253,114,31,31,0.37349397590361444
62,145,83,83,1.3387096774193548,137,75,75,1.2096774193548387,134,72,72,1.1612903225806452,132,70,70,1.1290322580645162
74,140,66,66,0.8918918918918919,168,94,94,1.2702702702702702,140,66,66,0.8918918918918919,139,65,65,0.8783783783783784
92,191,99,99,1.076086956521739,173,81,81,0.8804347826086957,163,71,71,0.7717391304347826,168,76,76,0.8260869565217391
71,195,124,124,1.7464788732394365,146,75,75,1.056338028169014,161,90,90,1.267605633802817,158,87,87,1.2253521126760563
42,92,50,50,1.1904761904761905,107,65,65,1.5476190476190477,87,45,45,1.0714285714285714,86,44,44,1.0476190476190477
166,344,178,178,1.072289156626506,324,158,158,0.9518072289156626,298,132,132,0.7951807228915663,295,129,129,0.7771084337349398
48,110,62,62,1.2916666666666667,101,53,53,1.1041666666666667,107,59,59,1.2291666666666667,106,58,58,1.2083333333333333
83,218,135,135,1.6265060240963856,183,100,100,1.2048192771084338,164,81,81,0.9759036144578314,170,87,87,1.0481927710843373
35,80,45,45,1.2857142857142858,67,32,32,0.9142857142857143,69,34,34,0.9714285714285714,63,28,28,0.8
13,27,14,14,1.0769230769230769,28,15,15,1.1538461538461537,40,27,27,2.076923076923077,23,10,10,0.7692307692307693
50,101,51,51,1.02,102,52,52,1.04,87,37,37,0.74,92,42,42,0.84
58,104,46,46,0.7931034482758621,93,35,35,0.603448275862069,93,35,35,0.603448275862069,88,30,30,0.5172413793103449
34,112,78,78,2.2941176470588234,80,46,46,1.3529411764705883,89,55,55,1.6176470588235294,84,50,50,1.4705882352941178
72,163,91,91,1.2638888888888888,152,80,80,1.1111111111111112,151,79,79,1.0972222222222223,146,74,74,1.0277777777777777
34,67,33,33,0.9705882352941176,85,51,51,1.5,59,25,25,0.7352941176470589,63,29,29,0.8529411764705882
44,102,58,58,1.3181818181818181,136,92,92,2.090909090909091,101,57,57,1.2954545454545454,103,59,59,1.3409090909090908
91,200,109,109,1.1978021978021978,160,69,69,0.7582417582417582,167,76,76,0.8351648351648352,152,61,61,0.6703296703296703
24,86,62,62,2.5833333333333335,67,43,43,1.7916666666666667,55,31,31,1.2916666666666667,56,32,32,1.3333333333333333
53,122,69,69,1.3018867924528301,106,53,53,1.0,116,63,63,1.1886792452830188,113,60,60,1.1320754716981132
92,177,85,85,0.9239130434782609,157,65,65,0.7065217391304348,152,60,60,0.6521739130434783,176,84,84,0.9130434782608695
48,119,71,71,1.4791666666666667,121,73,73,1.5208333333333333,89,41,41,0.8541666666666666,91,43,43,0.8958333333333334
50,143,93,93,1.86,116,66,66,1.32,120,70,70,1.4,107,57,57,1.14
69,154,85,85,1.2318840579710144,93,24,24,0.34782608695652173,114,45,45,0.6521739130434783,94,25,25,0.36231884057971014
53,103,50,50,0.9433962264150944,84,31,31,0.5849056603773585,113,60,60,1.1320754716981132,92,39,39,0.7358490566037735
48,124,76,76,1.5833333333333333,103,55,55,1.1458333333333333,83,35,35,0.7291666666666666,90,42,42,0.875
86,227,141,141,1.6395348837209303,178,92,92,1.069767441860465,166,80,80,0.9302325581395349,185,99,99,1.1511627906976745
148,363,215,215,1.4527027027027026,304,156,156,1.054054054054054,318,170,170,1.1486486486486487,327,179,179,1.2094594594594594
41,92,51,51,1.2439024390243902,90,49,49,1.1951219512195121,80,39,39,0.9512195121951219,89,48,48,1.170731707317073
64,155,91,91,1.421875,140,76,76,1.1875,136,72,72,1.125,123,59,59,0.921875
105,238,133,133,1.2666666666666666,189,84,84,0.8,180,75,75,0.7142857142857143,189,84,84,0.8
41,115,74,74,1.8048780487804879,112,71,71,1.7317073170731707,128,87,87,2.1219512195121952,110,69,69,1.6829268292682926
29,82,53,53,1.8275862068965518,76,47,47,1.6206896551724137,77,48,48,1.6551724137931034,52,23,23,0.7931034482758621
21,53,32,32,1.5238095238095237,48,27,27,1.2857142857142858,49,28,28,1.3333333333333333,43,22,22,1.0476190476190477
63,156,93,93,1.4761904761904763,146,83,83,1.3174603174603174,144,81,81,1.2857142857142858,145,82,82,1.3015873015873016
42,100,58,58,1.380952380952381,80,38,38,0.9047619047619048,114,72,72,1.7142857142857142,74,32,32,0.7619047619047619
55,129,74,74,1.3454545454545455,137,82,82,1.490909090909091,129,74,74,1.3454545454545455,130,75,75,1.3636363636363635
73,134,61,61,0.8356164383561644,141,68,68,0.9315068493150684,137,64,64,0.8767123287671232,131,58,58,0.7945205479452054
14,23,9,9,0.6428571428571429,28,14,14,1.0,28,14,14,1.0,27,13,13,0.9285714285714286
85,277,192,192,2.2588235294117647,200,115,115,1.3529411764705883,185,100,100,1.1764705882352942,191,106,106,1.2470588235294118
73,151,78,78,1.0684931506849316,133,60,60,0.821917808219178,142,69,69,0.9452054794520548,145,72,72,0.9863013698630136
30,77,47,47,1.5666666666666667,64,34,34,1.1333333333333333,62,32,32,1.0666666666666667,69,39,39,1.3
15,27,12,12,0.8,35,20,20,1.3333333333333333,35,20,20,1.3333333333333333,35,20,20,1.3333333333333333
33,61,28,28,0.8484848484848485,59,26,26,0.7878787878787878,64,31,31,0.9393939393939394,64,31,31,0.9393939393939394
44,113,69,69,1.5681818181818181,111,67,67,1.5227272727272727,112,68,68,1.5454545454545454,97,53,53,1.2045454545454546
100,218,118,118,1.18,208,108,108,1.08,207,107,107,1.07,228,128,128,1.28
101,179,78,78,0.7722772277227723,136,35,35,0.3465346534653465,152,51,51,0.504950495049505,149,48,48,0.4752475247524752
37,96,59,59,1.5945945945945945,87,50,50,1.3513513513513513,80,43,43,1.162162162162162,86,49,49,1.3243243243243243
116,324,208,208,1.793103448275862,216,100,100,0.8620689655172413,254,138,138,1.1896551724137931,228,112,112,0.9655172413793104
79,150,71,71,0.8987341772151899,115,36,36,0.45569620253164556,123,44,44,0.5569620253164557,140,61,61,0.7721518987341772
28,57,29,29,1.0357142857142858,67,39,39,1.3928571428571428,64,36,36,1.2857142857142858,59,31,31,1.1071428571428572
40,116,76,76,1.9,73,33,33,0.825,65,25,25,0.625,82,42,42,1.05
95,209,114,114,1.2,208,113,113,1.1894736842105262,198,103,103,1.0842105263157895,174,79,79,0.8315789473684211
63,175,112,112,1.7777777777777777,177,114,114,1.8095238095238095,173,110,110,1.746031746031746,176,113,113,1.7936507936507937
39,126,87,87,2.230769230769231,109,70,70,1.794871794871795,89,50,50,1.2820512820512822,96,57,57,1.4615384615384615
68,168,100,100,1.4705882352941178,171,103,103,1.5147058823529411,124,56,56,0.8235294117647058,134,66,66,0.9705882352941176
24,57,33,33,1.375,49,25,25,1.0416666666666667,51,27,27,1.125,48,24,24,1.0
66,164,98,98,1.4848484848484849,152,86,86,1.303030303030303,135,69,69,1.0454545454545454,145,79,79,1.196969696969697
37,72,35,35,0.9459459459459459,78,41,41,1.1081081081081081,82,45,45,1.2162162162162162,70,33,33,0.8918918918918919
112,279,167,167,1.4910714285714286,231,119,119,1.0625,246,134,134,1.1964285714285714,197,85,85,0.7589285714285714
78,143,65,65,0.8333333333333334,177,99,99,1.2692307692307692,139,61,61,0.782051282051282,131,53,53,0.6794871794871795
47,147,100,100,2.127659574468085,126,79,79,1.6808510638297873,125,78,78,1.6595744680851063,133,86,86,1.8297872340425532
39,112,73,73,1.8717948717948718,101,62,62,1.5897435897435896,104,65,65,1.6666666666666667,105,66,66,1.6923076923076923
66,163,97,97,1.4696969696969697,126,60,60,0.9090909090909091,141,75,75,1.1363636363636365,144,78,78,1.1818181818181819
31,92,61,61,1.967741935483871,103,72,72,2.3225806451612905,83,52,52,1.6774193548387097,89,58,58,1.8709677419354838
78,133,55,55,0.7051282051282052,147,69,69,0.8846153846153846,159,81,81,1.0384615384615385,151,73,73,0.9358974358974359
56,115,59,59,1.0535714285714286,99,43,43,0.7678571428571429,111,55,55,0.9821428571428571,116,60,60,1.0714285714285714
22,80,58,58,2.6363636363636362,39,17,17,0.7727272727272727,40,18,18,0.8181818181818182,37,15,15,0.6818181818181818
70,166,96,96,1.3714285714285714,167,97,97,1.3857142857142857,167,97,97,1.3857142857142857,159,89,89,1.2714285714285714
64,154,90,90,1.40625,149,85,85,1.328125,158,94,94,1.46875,132,68,68,1.0625
86,199,113,113,1.313953488372093,176,90,90,1.0465116279069768,201,115,115,1.3372093023255813,190,104,104,1.2093023255813953
54,100,46,46,0.8518518518518519,97,43,43,0.7962962962962963,123,69,69,1.2777777777777777,98,44,44,0.8148148148148148
44,112,68,68,1.5454545454545454,90,46,46,1.0454545454545454,98,54,54,1.2272727272727273,102,58,58,1.3181818181818181
33,76,43,43,1.303030303030303,84,51,51,1.5454545454545454,74,41,41,1.2424242424242424,76,43,43,1.303030303030303
20,45,25,25,1.25,49,29,29,1.45,48,28,28,1.4,37,17,17,0.85
54,90,36,36,0.6666666666666666,85,31,31,0.5740740740740741,83,29,29,0.5370370370370371,83,29,29,0.5370370370370371
38,59,21,21,0.5526315789473685,50,12,12,0.3157894736842105,58,20,20,0.5263157894736842,51,13,13,0.34210526315789475
50,83,33,33,0.66,82,32,32,0.64,78,28,28,0.56,112,62,62,1.24
65,137,72,72,1.1076923076923078,130,65,65,1.0,125,60,60,0.9230769230769231,124,59,59,0.9076923076923077
100,281,181,181,1.81,228,128,128,1.28,200,100,100,1.0,209,109,109,1.09
81,206,125,125,1.5432098765432098,140,59,59,0.7283950617283951,174,93,93,1.1481481481481481,178,97,97,1.1975308641975309
73,172,99,99,1.356164383561644,159,86,86,1.178082191780822,125,52,52,0.7123287671232876,140,67,67,0.9178082191780822
22,61,39,39,1.7727272727272727,68,46,46,2.090909090909091,62,40,40,1.8181818181818181,59,37,37,1.6818181818181819
73,197,124,124,1.6986301369863013,181,108,108,1.4794520547945205,155,82,82,1.1232876712328768,153,80,80,1.095890410958904
63,152,89,89,1.4126984126984128,125,62,62,0.9841269841269841,139,76,76,1.2063492063492063,145,82,82,1.3015873015873016
81,153,72,72,0.8888888888888888,155,74,74,0.9135802469135802,162,81,81,1.0,158,77,77,0.9506172839506173
57,145,88,88,1.543859649122807,118,61,61,1.0701754385964912,115,58,58,1.0175438596491229,115,58,58,1.0175438596491229
80,182,102,102,1.275,148,68,68,0.85,127,47,47,0.5875,143,63,63,0.7875
49,110,61,61,1.2448979591836735,98,49,49,1.0,120,71,71,1.4489795918367347,111,62,62,1.2653061224489797
47,107,60,60,1.2765957446808511,94,47,47,1.0,101,54,54,1.148936170212766,87,40,40,0.851063829787234
37,94,57,57,1.5405405405405406,98,61,61,1.6486486486486487,82,45,45,1.2162162162162162,88,51,51,1.3783783783783783
98,232,134,134,1.3673469387755102,214,116,116,1.183673469387755,213,115,115,1.1734693877551021,212,114,114,1.163265306122449
46,101,55,55,1.1956521739130435,118,72,72,1.565217391304348,129,83,83,1.8043478260869565,117,71,71,1.5434782608695652
73,177,104,104,1.4246575342465753,200,127,127,1.7397260273972603,143,70,70,0.958904109589041,151,78,78,1.0684931506849316
29,72,43,43,1.4827586206896552,55,26,26,0.896551724137931,56,27,27,0.9310344827586207,57,28,28,0.9655172413793104
70,148,78,78,1.1142857142857143,137,67,67,0.9571428571428572,127,57,57,0.8142857142857143,128,58,58,0.8285714285714286
71,179,108,108,1.5211267605633803,164,93,93,1.3098591549295775,166,95,95,1.3380281690140845,173,102,102,1.4366197183098592
23,73,50,50,2.1739130434782608,52,29,29,1.2608695652173914,71,48,48,2.0869565217391304,68,45,45,1.9565217391304348
59,162,103,103,1.7457627118644068,138,79,79,1.3389830508474576,135,76,76,1.2881355932203389,133,74,74,1.2542372881355932
68,178,110,110,1.6176470588235294,176,108,108,1.588235294117647,173,105,105,1.5441176470588236,186,118,118,1.7352941176470589
129,356,227,227,1.7596899224806202,299,170,170,1.317829457364341,320,191,191,1.4806201550387597,296,167,167,1.2945736434108528
20,61,41,41,2.05,44,24,24,1.2,52,32,32,1.6,43,23,23,1.15
49,123,74,74,1.510204081632653,107,58,58,1.183673469387755,107,58,58,1.183673469387755,103,54,54,1.1020408163265305
27,43,16,16,0.5925925925925926,58,31,31,1.1481481481481481,61,34,34,1.2592592592592593,59,32,32,1.1851851851851851
41,99,58,58,1.4146341463414633,90,49,49,1.1951219512195121,95,54,54,1.3170731707317074,90,49,49,1.1951219512195121
45,109,64,64,1.4222222222222223,105,60,60,1.3333333333333333,97,52,52,1.1555555555555554,116,71,71,1.5777777777777777
31,47,16,16,0.5161290322580645,79,48,48,1.5483870967741935,49,18,18,0.5806451612903226,75,44,44,1.4193548387096775
60,137,77,77,1.2833333333333334,136,76,76,1.2666666666666666,117,57,57,0.95,136,76,76,1.2666666666666666
55,136,81,81,1.4727272727272727,138,83,83,1.509090909090909,144,89,89,1.6181818181818182,118,63,63,1.1454545454545455
57,132,75,75,1.3157894736842106,99,42,42,0.7368421052631579,91,34,34,0.5964912280701754,91,34,34,0.5964912280701754
104,197,93,93,0.8942307692307693,178,74,74,0.7115384615384616,198,94,94,0.9038461538461539,182,78,78,0.75
56,128,72,72,1.2857142857142858,136,80,80,1.4285714285714286,154,98,98,1.75,150,94,94,1.6785714285714286
56,104,48,48,0.8571428571428571,139,83,83,1.4821428571428572,128,72,72,1.2857142857142858,112,56,56,1.0
71,138,67,67,0.9436619718309859,145,74,74,1.0422535211267605,120,49,49,0.6901408450704225,127,56,56,0.7887323943661971
94,209,115,115,1.2234042553191489,196,102,102,1.0851063829787233,177,83,83,0.8829787234042553,200,106,106,1.127659574468085
73,173,100,100,1.36986301369863,226,153,153,2.095890410958904,233,160,160,2.191780821917808,195,122,122,1.6712328767123288
85,212,127,127,1.4941176470588236,229,144,144,1.6941176470588235,200,115,115,1.3529411764705883,204,119,119,1.4
55,153,98,98,1.7818181818181817,115,60,60,1.0909090909090908,140,85,85,1.5454545454545454,139,84,84,1.5272727272727273
109,301,192,192,1.761467889908257,285,176,176,1.614678899082569,291,182,182,1.6697247706422018,268,159,159,1.4587155963302751
45,120,75,75,1.6666666666666667,110,65,65,1.4444444444444444,128,83,83,1.8444444444444446,102,57,57,1.2666666666666666
41,102,61,61,1.4878048780487805,91,50,50,1.2195121951219512,100,59,59,1.4390243902439024,89,48,48,1.170731707317073
56,198,142,142,2.5357142857142856,187,131,131,2.3392857142857144,148,92,92,1.6428571428571428,145,89,89,1.5892857142857142
56,183,127,127,2.267857142857143,139,83,83,1.4821428571428572,200,144,144,2.5714285714285716,147,91,91,1.625
25,105,80,80,3.2,78,53,53,2.12,83,58,58,2.32,80,55,55,2.2
80,239,159,159,1.9875,206,126,126,1.575,244,164,164,2.05,217,137,137,1.7125
84,203,119,119,1.4166666666666667,180,96,96,1.1428571428571428,184,100,100,1.1904761904761905,163,79,79,0.9404761904761905
87,217,130,130,1.4942528735632183,174,87,87,1.0,198,111,111,1.2758620689655173,184,97,97,1.1149425287356323
52,126,74,74,1.4230769230769231,105,53,53,1.0192307692307692,121,69,69,1.3269230769230769,89,37,37,0.7115384615384616
100,305,205,205,2.05,238,138,138,1.38,252,152,152,1.52,227,127,127,1.27
100,327,227,227,2.27,322,222,222,2.22,286,186,186,1.86,275,175,175,1.75
103,297,194,194,1.883495145631068,254,151,151,1.4660194174757282,257,154,154,1.4951456310679612,258,155,155,1.5048543689320388
48,143,95,95,1.9791666666666667,124,76,76,1.5833333333333333,130,82,82,1.7083333333333333,99,51,51,1.0625
57,149,92,92,1.6140350877192982,189,132,132,2.3157894736842106,178,121,121,2.1228070175438596,152,95,95,1.6666666666666667
88,235,147,147,1.6704545454545454,215,127,127,1.4431818181818181,212,124,124,1.4090909090909092,201,113,113,1.2840909090909092
