len_src,        len_ht,diff_ht,absdiff_ht,nabsdiff_ht,        len_pesmt1,diff_pesmt1,absdiff_pesmt1,nabsdiff_pesmt1,        len_pesmt2,diff_pesmt2,absdiff_pesmt2,nabsdiff_pesmt2,        len_perbmt1,diff_perbmt1,absdiff_perbmt1,nabsdiff_perbmt1,        len_perbmt2,diff_perbmt2,absdiff_perbmt2,nabsdiff_perbmt2,        len_smt1,diff_smt1,absdiff_smt1,nabsdiff_smt1,        len_smt2,diff_smt2,absdiff_smt2,nabsdiff_smt2,        len_rbmt1,diff_rbmt1,absdiff_rbmt1,nabsdiff_rbmt1,        len_rbmt2,diff_rbmt2,absdiff_rbmt2,nabsdiff_rbmt2        
174,237,63,63,0.3620689655172414,211,37,37,0.21264367816091953,216,42,42,0.2413793103448276,197,23,23,0.13218390804597702,42,-132,132,0.7586206896551724,180,6,6,0.034482758620689655,142,-32,32,0.1839080459770115,176,2,2,0.011494252873563218,180,6,6,0.034482758620689655
227,257,30,30,0.13215859030837004,258,31,31,0.13656387665198239,221,-6,6,0.02643171806167401,192,-35,35,0.15418502202643172,241,14,14,0.06167400881057269,235,8,8,0.03524229074889868,254,27,27,0.11894273127753303,244,17,17,0.07488986784140969,250,23,23,0.1013215859030837
193,210,17,17,0.08808290155440414,213,20,20,0.10362694300518134,177,-16,16,0.08290155440414508,212,19,19,0.09844559585492228,219,26,26,0.13471502590673576,202,9,9,0.046632124352331605,195,2,2,0.010362694300518135,223,30,30,0.15544041450777202,237,44,44,0.22797927461139897
101,117,16,16,0.15841584158415842,120,19,19,0.18811881188118812,120,19,19,0.18811881188118812,115,14,14,0.13861386138613863,122,21,21,0.2079207920792079,113,12,12,0.1188118811881188,120,19,19,0.18811881188118812,118,17,17,0.16831683168316833,105,4,4,0.039603960396039604
22,30,8,8,0.36363636363636365,29,7,7,0.3181818181818182,25,3,3,0.13636363636363635,26,4,4,0.18181818181818182,25,3,3,0.13636363636363635,21,-1,1,0.045454545454545456,37,15,15,0.6818181818181818,25,3,3,0.13636363636363635,25,3,3,0.13636363636363635
22,23,1,1,0.045454545454545456,19,-3,3,0.13636363636363635,19,-3,3,0.13636363636363635,19,-3,3,0.13636363636363635,23,1,1,0.045454545454545456,23,1,1,0.045454545454545456,23,1,1,0.045454545454545456,23,1,1,0.045454545454545456,23,1,1,0.045454545454545456
26,18,-8,8,0.3076923076923077,28,2,2,0.07692307692307693,28,2,2,0.07692307692307693,28,2,2,0.07692307692307693,32,6,6,0.23076923076923078,32,6,6,0.23076923076923078,32,6,6,0.23076923076923078,29,3,3,0.11538461538461539,29,3,3,0.11538461538461539
140,150,10,10,0.07142857142857142,171,31,31,0.22142857142857142,161,21,21,0.15,155,15,15,0.10714285714285714,145,5,5,0.03571428571428571,173,33,33,0.2357142857142857,157,17,17,0.12142857142857143,149,9,9,0.06428571428571428,138,-2,2,0.014285714285714285
93,95,2,2,0.021505376344086023,105,12,12,0.12903225806451613,93,0,0,0.0,98,5,5,0.053763440860215055,94,1,1,0.010752688172043012,101,8,8,0.08602150537634409,90,-3,3,0.03225806451612903,105,12,12,0.12903225806451613,94,1,1,0.010752688172043012
47,43,-4,4,0.0851063829787234,54,7,7,0.14893617021276595,36,-11,11,0.23404255319148937,46,-1,1,0.02127659574468085,51,4,4,0.0851063829787234,58,11,11,0.23404255319148937,43,-4,4,0.0851063829787234,63,16,16,0.3404255319148936,51,4,4,0.0851063829787234
80,106,26,26,0.325,85,5,5,0.0625,72,-8,8,0.1,84,4,4,0.05,89,9,9,0.1125,89,9,9,0.1125,70,-10,10,0.125,93,13,13,0.1625,92,12,12,0.15
56,46,-10,10,0.17857142857142858,56,0,0,0.0,54,-2,2,0.03571428571428571,54,-2,2,0.03571428571428571,59,3,3,0.05357142857142857,61,5,5,0.08928571428571429,68,12,12,0.21428571428571427,63,7,7,0.125,63,7,7,0.125
191,243,52,52,0.27225130890052357,229,38,38,0.19895287958115182,195,4,4,0.020942408376963352,215,24,24,0.1256544502617801,219,28,28,0.14659685863874344,211,20,20,0.10471204188481675,221,30,30,0.15706806282722513,206,15,15,0.07853403141361257,214,23,23,0.12041884816753927
199,193,-6,6,0.03015075376884422,191,-8,8,0.04020100502512563,187,-12,12,0.06030150753768844,202,3,3,0.01507537688442211,223,24,24,0.12060301507537688,225,26,26,0.1306532663316583,204,5,5,0.02512562814070352,221,22,22,0.11055276381909548,220,21,21,0.10552763819095477
208,211,3,3,0.014423076923076924,263,55,55,0.2644230769230769,237,29,29,0.13942307692307693,253,45,45,0.21634615384615385,234,26,26,0.125,259,51,51,0.24519230769230768,234,26,26,0.125,254,46,46,0.22115384615384615,258,50,50,0.2403846153846154
70,72,2,2,0.02857142857142857,83,13,13,0.18571428571428572,94,24,24,0.34285714285714286,77,7,7,0.1,69,-1,1,0.014285714285714285,80,10,10,0.14285714285714285,84,14,14,0.2,77,7,7,0.1,69,-1,1,0.014285714285714285
87,130,43,43,0.4942528735632184,88,1,1,0.011494252873563218,103,16,16,0.1839080459770115,85,-2,2,0.022988505747126436,113,26,26,0.2988505747126437,88,1,1,0.011494252873563218,88,1,1,0.011494252873563218,85,-2,2,0.022988505747126436,114,27,27,0.3103448275862069
137,154,17,17,0.12408759124087591,154,17,17,0.12408759124087591,141,4,4,0.029197080291970802,150,13,13,0.0948905109489051,154,17,17,0.12408759124087591,151,14,14,0.10218978102189781,149,12,12,0.08759124087591241,167,30,30,0.21897810218978103,175,38,38,0.2773722627737226
107,131,24,24,0.22429906542056074,117,10,10,0.09345794392523364,91,-16,16,0.14953271028037382,106,-1,1,0.009345794392523364,95,-12,12,0.11214953271028037,130,23,23,0.21495327102803738,107,0,0,0.0,116,9,9,0.08411214953271028,108,1,1,0.009345794392523364
46,61,15,15,0.32608695652173914,67,21,21,0.45652173913043476,67,21,21,0.45652173913043476,56,10,10,0.21739130434782608,55,9,9,0.1956521739130435,71,25,25,0.5434782608695652,71,25,25,0.5434782608695652,60,14,14,0.30434782608695654,62,16,16,0.34782608695652173
249,339,90,90,0.3614457831325301,290,41,41,0.1646586345381526,292,43,43,0.17269076305220885,270,21,21,0.08433734939759036,297,48,48,0.1927710843373494,275,26,26,0.10441767068273092,251,2,2,0.008032128514056224,285,36,36,0.14457831325301204,298,49,49,0.19678714859437751
72,86,14,14,0.19444444444444445,104,32,32,0.4444444444444444,98,26,26,0.3611111111111111,102,30,30,0.4166666666666667,98,26,26,0.3611111111111111,93,21,21,0.2916666666666667,97,25,25,0.3472222222222222,98,26,26,0.3611111111111111,95,23,23,0.3194444444444444
82,95,13,13,0.15853658536585366,97,15,15,0.18292682926829268,104,22,22,0.2682926829268293,105,23,23,0.2804878048780488,92,10,10,0.12195121951219512,104,22,22,0.2682926829268293,86,4,4,0.04878048780487805,107,25,25,0.3048780487804878,93,11,11,0.13414634146341464
29,32,3,3,0.10344827586206896,26,-3,3,0.10344827586206896,32,3,3,0.10344827586206896,32,3,3,0.10344827586206896,32,3,3,0.10344827586206896,26,-3,3,0.10344827586206896,42,13,13,0.4482758620689655,32,3,3,0.10344827586206896,38,9,9,0.3103448275862069
135,162,27,27,0.2,181,46,46,0.34074074074074073,150,15,15,0.1111111111111111,171,36,36,0.26666666666666666,147,12,12,0.08888888888888889,144,9,9,0.06666666666666667,157,22,22,0.16296296296296298,172,37,37,0.2740740740740741,155,20,20,0.14814814814814814
70,95,25,25,0.35714285714285715,81,11,11,0.15714285714285714,81,11,11,0.15714285714285714,72,2,2,0.02857142857142857,72,2,2,0.02857142857142857,85,15,15,0.21428571428571427,79,9,9,0.12857142857142856,72,2,2,0.02857142857142857,75,5,5,0.07142857142857142
166,197,31,31,0.18674698795180722,218,52,52,0.3132530120481928,204,38,38,0.2289156626506024,215,49,49,0.29518072289156627,190,24,24,0.14457831325301204,194,28,28,0.1686746987951807,217,51,51,0.3072289156626506,208,42,42,0.25301204819277107,190,24,24,0.14457831325301204
30,57,27,27,0.9,34,4,4,0.13333333333333333,41,11,11,0.36666666666666664,43,13,13,0.43333333333333335,40,10,10,0.3333333333333333,34,4,4,0.13333333333333333,34,4,4,0.13333333333333333,39,9,9,0.3,36,6,6,0.2
63,106,43,43,0.6825396825396826,83,20,20,0.31746031746031744,78,15,15,0.23809523809523808,60,-3,3,0.047619047619047616,60,-3,3,0.047619047619047616,66,3,3,0.047619047619047616,58,-5,5,0.07936507936507936,66,3,3,0.047619047619047616,69,6,6,0.09523809523809523
108,85,-23,23,0.21296296296296297,109,1,1,0.009259259259259259,108,0,0,0.0,122,14,14,0.12962962962962962,129,21,21,0.19444444444444445,110,2,2,0.018518518518518517,110,2,2,0.018518518518518517,116,8,8,0.07407407407407407,116,8,8,0.07407407407407407
99,99,0,0,0.0,116,17,17,0.1717171717171717,94,-5,5,0.050505050505050504,114,15,15,0.15151515151515152,99,0,0,0.0,101,2,2,0.020202020202020204,94,-5,5,0.050505050505050504,109,10,10,0.10101010101010101,99,0,0,0.0
92,92,0,0,0.0,108,16,16,0.17391304347826086,115,23,23,0.25,97,5,5,0.05434782608695652,100,8,8,0.08695652173913043,98,6,6,0.06521739130434782,100,8,8,0.08695652173913043,91,-1,1,0.010869565217391304,96,4,4,0.043478260869565216
208,189,-19,19,0.09134615384615384,222,14,14,0.0673076923076923,225,17,17,0.08173076923076923,218,10,10,0.04807692307692308,229,21,21,0.10096153846153846,226,18,18,0.08653846153846154,238,30,30,0.14423076923076922,233,25,25,0.1201923076923077,231,23,23,0.11057692307692307
133,178,45,45,0.3383458646616541,170,37,37,0.2781954887218045,166,33,33,0.24812030075187969,164,31,31,0.23308270676691728,162,29,29,0.21804511278195488,176,43,43,0.3233082706766917,172,39,39,0.2932330827067669,148,15,15,0.11278195488721804,144,11,11,0.08270676691729323
58,80,22,22,0.3793103448275862,97,39,39,0.6724137931034483,93,35,35,0.603448275862069,88,30,30,0.5172413793103449,96,38,38,0.6551724137931034,69,11,11,0.1896551724137931,53,-5,5,0.08620689655172414,77,19,19,0.3275862068965517,71,13,13,0.22413793103448276
121,147,26,26,0.21487603305785125,125,4,4,0.03305785123966942,124,3,3,0.024793388429752067,132,11,11,0.09090909090909091,127,6,6,0.049586776859504134,141,20,20,0.1652892561983471,121,0,0,0.0,132,11,11,0.09090909090909091,139,18,18,0.1487603305785124
200,239,39,39,0.195,195,-5,5,0.025,204,4,4,0.02,179,-21,21,0.105,210,10,10,0.05,236,36,36,0.18,239,39,39,0.195,254,54,54,0.27,253,53,53,0.265
62,87,25,25,0.4032258064516129,76,14,14,0.22580645161290322,74,12,12,0.1935483870967742,65,3,3,0.04838709677419355,75,13,13,0.20967741935483872,75,13,13,0.20967741935483872,78,16,16,0.25806451612903225,72,10,10,0.16129032258064516,79,17,17,0.27419354838709675
234,312,78,78,0.3333333333333333,287,53,53,0.2264957264957265,283,49,49,0.2094017094017094,282,48,48,0.20512820512820512,282,48,48,0.20512820512820512,284,50,50,0.21367521367521367,257,23,23,0.09829059829059829,303,69,69,0.2948717948717949,280,46,46,0.19658119658119658
29,28,-1,1,0.034482758620689655,32,3,3,0.10344827586206896,32,3,3,0.10344827586206896,32,3,3,0.10344827586206896,32,3,3,0.10344827586206896,38,9,9,0.3103448275862069,38,9,9,0.3103448275862069,32,3,3,0.10344827586206896,32,3,3,0.10344827586206896
46,71,25,25,0.5434782608695652,60,14,14,0.30434782608695654,54,8,8,0.17391304347826086,59,13,13,0.2826086956521739,58,12,12,0.2608695652173913,50,4,4,0.08695652173913043,54,8,8,0.17391304347826086,60,14,14,0.30434782608695654,59,13,13,0.2826086956521739
55,63,8,8,0.14545454545454545,85,30,30,0.5454545454545454,86,31,31,0.5636363636363636,87,32,32,0.5818181818181818,82,27,27,0.4909090909090909,65,10,10,0.18181818181818182,65,10,10,0.18181818181818182,62,7,7,0.12727272727272726,57,2,2,0.03636363636363636
126,141,15,15,0.11904761904761904,125,-1,1,0.007936507936507936,156,30,30,0.23809523809523808,142,16,16,0.12698412698412698,176,50,50,0.3968253968253968,146,20,20,0.15873015873015872,165,39,39,0.30952380952380953,141,15,15,0.11904761904761904,152,26,26,0.20634920634920634
66,71,5,5,0.07575757575757576,69,3,3,0.045454545454545456,78,12,12,0.18181818181818182,65,-1,1,0.015151515151515152,74,8,8,0.12121212121212122,75,9,9,0.13636363636363635,66,0,0,0.0,69,3,3,0.045454545454545456,74,8,8,0.12121212121212122
116,131,15,15,0.12931034482758622,140,24,24,0.20689655172413793,130,14,14,0.1206896551724138,153,37,37,0.31896551724137934,140,24,24,0.20689655172413793,121,5,5,0.04310344827586207,110,-6,6,0.05172413793103448,110,-6,6,0.05172413793103448,114,-2,2,0.017241379310344827
105,97,-8,8,0.0761904761904762,112,7,7,0.06666666666666667,109,4,4,0.0380952380952381,109,4,4,0.0380952380952381,110,5,5,0.047619047619047616,122,17,17,0.1619047619047619,135,30,30,0.2857142857142857,116,11,11,0.10476190476190476,122,17,17,0.1619047619047619
57,74,17,17,0.2982456140350877,67,10,10,0.17543859649122806,74,17,17,0.2982456140350877,79,22,22,0.38596491228070173,74,17,17,0.2982456140350877,63,6,6,0.10526315789473684,61,4,4,0.07017543859649122,66,9,9,0.15789473684210525,61,4,4,0.07017543859649122
53,67,14,14,0.2641509433962264,74,21,21,0.39622641509433965,75,22,22,0.41509433962264153,75,22,22,0.41509433962264153,72,19,19,0.3584905660377358,84,31,31,0.5849056603773585,70,17,17,0.32075471698113206,63,10,10,0.18867924528301888,66,13,13,0.24528301886792453
83,83,0,0,0.0,88,5,5,0.060240963855421686,78,-5,5,0.060240963855421686,83,0,0,0.0,82,-1,1,0.012048192771084338,94,11,11,0.13253012048192772,94,11,11,0.13253012048192772,84,1,1,0.012048192771084338,81,-2,2,0.024096385542168676
203,205,2,2,0.009852216748768473,231,28,28,0.13793103448275862,219,16,16,0.07881773399014778,217,14,14,0.06896551724137931,221,18,18,0.08866995073891626,239,36,36,0.17733990147783252,239,36,36,0.17733990147783252,211,8,8,0.03940886699507389,221,18,18,0.08866995073891626
74,96,22,22,0.2972972972972973,90,16,16,0.21621621621621623,90,16,16,0.21621621621621623,87,13,13,0.17567567567567569,87,13,13,0.17567567567567569,85,11,11,0.14864864864864866,86,12,12,0.16216216216216217,81,7,7,0.0945945945945946,83,9,9,0.12162162162162163
227,254,27,27,0.11894273127753303,230,3,3,0.013215859030837005,246,19,19,0.08370044052863436,232,5,5,0.022026431718061675,246,19,19,0.08370044052863436,260,33,33,0.14537444933920704,234,7,7,0.030837004405286344,243,16,16,0.07048458149779736,240,13,13,0.05726872246696035
138,233,95,95,0.6884057971014492,208,70,70,0.5072463768115942,208,70,70,0.5072463768115942,203,65,65,0.47101449275362317,203,65,65,0.47101449275362317,202,64,64,0.463768115942029,195,57,57,0.41304347826086957,176,38,38,0.2753623188405797,174,36,36,0.2608695652173913
153,183,30,30,0.19607843137254902,156,3,3,0.0196078431372549,169,16,16,0.10457516339869281,165,12,12,0.0784313725490196,165,12,12,0.0784313725490196,150,-3,3,0.0196078431372549,167,14,14,0.0915032679738562,155,2,2,0.013071895424836602,166,13,13,0.08496732026143791
120,144,24,24,0.2,138,18,18,0.15,141,21,21,0.175,130,10,10,0.08333333333333333,130,10,10,0.08333333333333333,164,44,44,0.36666666666666664,145,25,25,0.20833333333333334,139,19,19,0.15833333333333333,130,10,10,0.08333333333333333
213,259,46,46,0.215962441314554,252,39,39,0.18309859154929578,231,18,18,0.08450704225352113,243,30,30,0.14084507042253522,248,35,35,0.1643192488262911,237,24,24,0.11267605633802817,235,22,22,0.10328638497652583,255,42,42,0.19718309859154928,269,56,56,0.26291079812206575
153,215,62,62,0.40522875816993464,171,18,18,0.11764705882352941,193,40,40,0.26143790849673204,170,17,17,0.1111111111111111,176,23,23,0.1503267973856209,173,20,20,0.13071895424836602,168,15,15,0.09803921568627451,163,10,10,0.06535947712418301,157,4,4,0.026143790849673203
163,233,70,70,0.4294478527607362,188,25,25,0.15337423312883436,166,3,3,0.018404907975460124,187,24,24,0.147239263803681,188,25,25,0.15337423312883436,184,21,21,0.12883435582822086,194,31,31,0.1901840490797546,180,17,17,0.10429447852760736,212,49,49,0.3006134969325153
135,175,40,40,0.2962962962962963,138,3,3,0.022222222222222223,144,9,9,0.06666666666666667,156,21,21,0.15555555555555556,151,16,16,0.11851851851851852,139,4,4,0.02962962962962963,141,6,6,0.044444444444444446,154,19,19,0.14074074074074075,156,21,21,0.15555555555555556
128,160,32,32,0.25,130,2,2,0.015625,134,6,6,0.046875,134,6,6,0.046875,132,4,4,0.03125,127,-1,1,0.0078125,128,0,0,0.0,135,7,7,0.0546875,139,11,11,0.0859375
242,248,6,6,0.024793388429752067,256,14,14,0.05785123966942149,264,22,22,0.09090909090909091,260,18,18,0.0743801652892562,274,32,32,0.1322314049586777,268,26,26,0.10743801652892562,253,11,11,0.045454545454545456,298,56,56,0.23140495867768596,325,83,83,0.34297520661157027
152,170,18,18,0.11842105263157894,156,4,4,0.02631578947368421,169,17,17,0.1118421052631579,147,-5,5,0.03289473684210526,172,20,20,0.13157894736842105,151,-1,1,0.006578947368421052,162,10,10,0.06578947368421052,152,0,0,0.0,158,6,6,0.039473684210526314
194,245,51,51,0.26288659793814434,244,50,50,0.25773195876288657,236,42,42,0.21649484536082475,226,32,32,0.16494845360824742,233,39,39,0.20103092783505155,218,24,24,0.12371134020618557,225,31,31,0.15979381443298968,199,5,5,0.02577319587628866,214,20,20,0.10309278350515463
162,171,9,9,0.05555555555555555,161,-1,1,0.006172839506172839,180,18,18,0.1111111111111111,171,9,9,0.05555555555555555,166,4,4,0.024691358024691357,161,-1,1,0.006172839506172839,214,52,52,0.32098765432098764,168,6,6,0.037037037037037035,168,6,6,0.037037037037037035
133,160,27,27,0.20300751879699247,150,17,17,0.12781954887218044,164,31,31,0.23308270676691728,166,33,33,0.24812030075187969,166,33,33,0.24812030075187969,149,16,16,0.12030075187969924,138,5,5,0.03759398496240601,157,24,24,0.18045112781954886,154,21,21,0.15789473684210525
85,82,-3,3,0.03529411764705882,93,8,8,0.09411764705882353,82,-3,3,0.03529411764705882,101,16,16,0.18823529411764706,103,18,18,0.21176470588235294,95,10,10,0.11764705882352941,95,10,10,0.11764705882352941,91,6,6,0.07058823529411765,100,15,15,0.17647058823529413
73,105,32,32,0.4383561643835616,83,10,10,0.136986301369863,85,12,12,0.1643835616438356,92,19,19,0.2602739726027397,96,23,23,0.3150684931506849,96,23,23,0.3150684931506849,96,23,23,0.3150684931506849,90,17,17,0.2328767123287671,93,20,20,0.273972602739726
202,249,47,47,0.23267326732673269,228,26,26,0.12871287128712872,235,33,33,0.16336633663366337,239,37,37,0.18316831683168316,236,34,34,0.16831683168316833,236,34,34,0.16831683168316833,244,42,42,0.2079207920792079,240,38,38,0.18811881188118812,226,24,24,0.1188118811881188
105,125,20,20,0.19047619047619047,112,7,7,0.06666666666666667,126,21,21,0.2,111,6,6,0.05714285714285714,130,25,25,0.23809523809523808,107,2,2,0.01904761904761905,111,6,6,0.05714285714285714,123,18,18,0.17142857142857143,156,51,51,0.4857142857142857
73,120,47,47,0.6438356164383562,83,10,10,0.136986301369863,78,5,5,0.0684931506849315,91,18,18,0.2465753424657534,87,14,14,0.1917808219178082,82,9,9,0.1232876712328767,83,10,10,0.136986301369863,88,15,15,0.2054794520547945,82,9,9,0.1232876712328767
60,100,40,40,0.6666666666666666,74,14,14,0.23333333333333334,67,7,7,0.11666666666666667,78,18,18,0.3,75,15,15,0.25,76,16,16,0.26666666666666666,67,7,7,0.11666666666666667,73,13,13,0.21666666666666667,81,21,21,0.35
104,124,20,20,0.19230769230769232,117,13,13,0.125,119,15,15,0.14423076923076922,92,-12,12,0.11538461538461539,114,10,10,0.09615384615384616,107,3,3,0.028846153846153848,124,20,20,0.19230769230769232,95,-9,9,0.08653846153846154,107,3,3,0.028846153846153848
182,199,17,17,0.09340659340659341,194,12,12,0.06593406593406594,205,23,23,0.12637362637362637,190,8,8,0.04395604395604396,192,10,10,0.054945054945054944,202,20,20,0.10989010989010989,199,17,17,0.09340659340659341,200,18,18,0.0989010989010989,201,19,19,0.1043956043956044
77,77,0,0,0.0,76,-1,1,0.012987012987012988,66,-11,11,0.14285714285714285,70,-7,7,0.09090909090909091,78,1,1,0.012987012987012988,125,48,48,0.6233766233766234,63,-14,14,0.18181818181818182,85,8,8,0.1038961038961039,89,12,12,0.15584415584415584
241,247,6,6,0.024896265560165973,223,-18,18,0.07468879668049792,232,-9,9,0.03734439834024896,250,9,9,0.03734439834024896,235,-6,6,0.024896265560165973,258,17,17,0.07053941908713693,240,-1,1,0.004149377593360996,254,13,13,0.05394190871369295,245,4,4,0.016597510373443983
84,68,-16,16,0.19047619047619047,85,1,1,0.011904761904761904,85,1,1,0.011904761904761904,89,5,5,0.05952380952380952,85,1,1,0.011904761904761904,78,-6,6,0.07142857142857142,78,-6,6,0.07142857142857142,85,1,1,0.011904761904761904,79,-5,5,0.05952380952380952
49,67,18,18,0.3673469387755102,60,11,11,0.22448979591836735,60,11,11,0.22448979591836735,60,11,11,0.22448979591836735,60,11,11,0.22448979591836735,64,15,15,0.30612244897959184,62,13,13,0.2653061224489796,56,7,7,0.14285714285714285,56,7,7,0.14285714285714285
168,179,11,11,0.06547619047619048,160,-8,8,0.047619047619047616,147,-21,21,0.125,144,-24,24,0.14285714285714285,149,-19,19,0.1130952380952381,157,-11,11,0.06547619047619048,194,26,26,0.15476190476190477,191,23,23,0.13690476190476192,178,10,10,0.05952380952380952
60,97,37,37,0.6166666666666667,72,12,12,0.2,73,13,13,0.21666666666666667,75,15,15,0.25,62,2,2,0.03333333333333333,70,10,10,0.16666666666666666,78,18,18,0.3,75,15,15,0.25,62,2,2,0.03333333333333333
129,119,-10,10,0.07751937984496124,160,31,31,0.24031007751937986,152,23,23,0.17829457364341086,156,27,27,0.20930232558139536,155,26,26,0.20155038759689922,159,30,30,0.23255813953488372,152,23,23,0.17829457364341086,136,7,7,0.05426356589147287,145,16,16,0.12403100775193798
69,110,41,41,0.5942028985507246,101,32,32,0.463768115942029,112,43,43,0.6231884057971014,113,44,44,0.6376811594202898,104,35,35,0.5072463768115942,94,25,25,0.36231884057971014,102,33,33,0.4782608695652174,104,35,35,0.5072463768115942,103,34,34,0.4927536231884058
127,152,25,25,0.1968503937007874,134,7,7,0.05511811023622047,139,12,12,0.09448818897637795,146,19,19,0.14960629921259844,158,31,31,0.2440944881889764,132,5,5,0.03937007874015748,122,-5,5,0.03937007874015748,142,15,15,0.11811023622047244,152,25,25,0.1968503937007874
99,92,-7,7,0.0707070707070707,106,7,7,0.0707070707070707,107,8,8,0.08080808080808081,98,-1,1,0.010101010101010102,100,1,1,0.010101010101010102,95,-4,4,0.04040404040404041,117,18,18,0.18181818181818182,93,-6,6,0.06060606060606061,100,1,1,0.010101010101010102
19,20,1,1,0.05263157894736842,24,5,5,0.2631578947368421,24,5,5,0.2631578947368421,24,5,5,0.2631578947368421,24,5,5,0.2631578947368421,24,5,5,0.2631578947368421,22,3,3,0.15789473684210525,19,0,0,0.0,24,5,5,0.2631578947368421
134,158,24,24,0.1791044776119403,143,9,9,0.06716417910447761,143,9,9,0.06716417910447761,145,11,11,0.08208955223880597,139,5,5,0.03731343283582089,133,-1,1,0.007462686567164179,154,20,20,0.14925373134328357,150,16,16,0.11940298507462686,139,5,5,0.03731343283582089
104,77,-27,27,0.25961538461538464,108,4,4,0.038461538461538464,114,10,10,0.09615384615384616,117,13,13,0.125,121,17,17,0.16346153846153846,119,15,15,0.14423076923076922,149,45,45,0.4326923076923077,112,8,8,0.07692307692307693,107,3,3,0.028846153846153848
161,212,51,51,0.3167701863354037,182,21,21,0.13043478260869565,177,16,16,0.09937888198757763,182,21,21,0.13043478260869565,182,21,21,0.13043478260869565,216,55,55,0.3416149068322981,216,55,55,0.3416149068322981,185,24,24,0.14906832298136646,178,17,17,0.10559006211180125
41,72,31,31,0.7560975609756098,48,7,7,0.17073170731707318,50,9,9,0.21951219512195122,49,8,8,0.1951219512195122,50,9,9,0.21951219512195122,48,7,7,0.17073170731707318,40,-1,1,0.024390243902439025,49,8,8,0.1951219512195122,50,9,9,0.21951219512195122
164,170,6,6,0.036585365853658534,189,25,25,0.1524390243902439,193,29,29,0.17682926829268292,179,15,15,0.09146341463414634,206,42,42,0.25609756097560976,181,17,17,0.10365853658536585,209,45,45,0.27439024390243905,189,25,25,0.1524390243902439,190,26,26,0.15853658536585366
97,152,55,55,0.5670103092783505,126,29,29,0.29896907216494845,123,26,26,0.26804123711340205,128,31,31,0.31958762886597936,131,34,34,0.35051546391752575,111,14,14,0.14432989690721648,115,18,18,0.18556701030927836,106,9,9,0.09278350515463918,119,22,22,0.2268041237113402
108,160,52,52,0.48148148148148145,117,9,9,0.08333333333333333,119,11,11,0.10185185185185185,133,25,25,0.23148148148148148,130,22,22,0.2037037037037037,121,13,13,0.12037037037037036,165,57,57,0.5277777777777778,136,28,28,0.25925925925925924,123,15,15,0.1388888888888889
238,279,41,41,0.1722689075630252,260,22,22,0.09243697478991597,256,18,18,0.07563025210084033,230,-8,8,0.03361344537815126,254,16,16,0.06722689075630252,258,20,20,0.08403361344537816,275,37,37,0.15546218487394958,258,20,20,0.08403361344537816,249,11,11,0.046218487394957986
108,144,36,36,0.3333333333333333,152,44,44,0.4074074074074074,127,19,19,0.17592592592592593,113,5,5,0.046296296296296294,118,10,10,0.09259259259259259,109,1,1,0.009259259259259259,117,9,9,0.08333333333333333,108,0,0,0.0,103,-5,5,0.046296296296296294
110,175,65,65,0.5909090909090909,148,38,38,0.34545454545454546,171,61,61,0.5545454545454546,140,30,30,0.2727272727272727,151,41,41,0.37272727272727274,138,28,28,0.2545454545454545,146,36,36,0.32727272727272727,123,13,13,0.11818181818181818,127,17,17,0.15454545454545454
84,101,17,17,0.20238095238095238,84,0,0,0.0,90,6,6,0.07142857142857142,96,12,12,0.14285714285714285,98,14,14,0.16666666666666666,86,2,2,0.023809523809523808,74,-10,10,0.11904761904761904,98,14,14,0.16666666666666666,92,8,8,0.09523809523809523
181,232,51,51,0.281767955801105,209,28,28,0.15469613259668508,208,27,27,0.14917127071823205,205,24,24,0.13259668508287292,209,28,28,0.15469613259668508,211,30,30,0.16574585635359115,200,19,19,0.10497237569060773,205,24,24,0.13259668508287292,219,38,38,0.20994475138121546
92,131,39,39,0.42391304347826086,123,31,31,0.33695652173913043,115,23,23,0.25,114,22,22,0.2391304347826087,113,21,21,0.22826086956521738,114,22,22,0.2391304347826087,135,43,43,0.4673913043478261,120,28,28,0.30434782608695654,118,26,26,0.2826086956521739
126,170,44,44,0.3492063492063492,152,26,26,0.20634920634920634,159,33,33,0.2619047619047619,141,15,15,0.11904761904761904,180,54,54,0.42857142857142855,141,15,15,0.11904761904761904,149,23,23,0.18253968253968253,138,12,12,0.09523809523809523,160,34,34,0.2698412698412698
49,62,13,13,0.2653061224489796,51,2,2,0.04081632653061224,58,9,9,0.1836734693877551,52,3,3,0.061224489795918366,49,0,0,0.0,54,5,5,0.10204081632653061,54,5,5,0.10204081632653061,60,11,11,0.22448979591836735,57,8,8,0.16326530612244897
217,323,106,106,0.48847926267281105,247,30,30,0.1382488479262673,251,34,34,0.15668202764976957,236,19,19,0.08755760368663594,278,61,61,0.28110599078341014,253,36,36,0.16589861751152074,255,38,38,0.17511520737327188,252,35,35,0.16129032258064516,265,48,48,0.22119815668202766
183,226,43,43,0.23497267759562843,214,31,31,0.16939890710382513,210,27,27,0.14754098360655737,208,25,25,0.1366120218579235,236,53,53,0.2896174863387978,219,36,36,0.19672131147540983,222,39,39,0.21311475409836064,229,46,46,0.25136612021857924,235,52,52,0.28415300546448086
68,90,22,22,0.3235294117647059,82,14,14,0.20588235294117646,81,13,13,0.19117647058823528,88,20,20,0.29411764705882354,84,16,16,0.23529411764705882,98,30,30,0.4411764705882353,97,29,29,0.4264705882352941,84,16,16,0.23529411764705882,84,16,16,0.23529411764705882
123,130,7,7,0.056910569105691054,124,1,1,0.008130081300813009,126,3,3,0.024390243902439025,112,-11,11,0.08943089430894309,124,1,1,0.008130081300813009,130,7,7,0.056910569105691054,127,4,4,0.032520325203252036,126,3,3,0.024390243902439025,124,1,1,0.008130081300813009
131,153,22,22,0.16793893129770993,139,8,8,0.061068702290076333,135,4,4,0.030534351145038167,123,-8,8,0.061068702290076333,119,-12,12,0.0916030534351145,140,9,9,0.06870229007633588,138,7,7,0.05343511450381679,136,5,5,0.03816793893129771,128,-3,3,0.022900763358778626
127,160,33,33,0.25984251968503935,133,6,6,0.047244094488188976,125,-2,2,0.015748031496062992,142,15,15,0.11811023622047244,152,25,25,0.1968503937007874,134,7,7,0.05511811023622047,160,33,33,0.25984251968503935,141,14,14,0.11023622047244094,145,18,18,0.14173228346456693
147,178,31,31,0.2108843537414966,157,10,10,0.06802721088435375,136,-11,11,0.07482993197278912,167,20,20,0.1360544217687075,174,27,27,0.1836734693877551,158,11,11,0.07482993197278912,142,-5,5,0.034013605442176874,173,26,26,0.17687074829931973,154,7,7,0.047619047619047616
105,110,5,5,0.047619047619047616,100,-5,5,0.047619047619047616,99,-6,6,0.05714285714285714,104,-1,1,0.009523809523809525,96,-9,9,0.08571428571428572,100,-5,5,0.047619047619047616,89,-16,16,0.1523809523809524,108,3,3,0.02857142857142857,103,-2,2,0.01904761904761905
25,28,3,3,0.12,26,1,1,0.04,31,6,6,0.24,26,1,1,0.04,35,10,10,0.4,30,5,5,0.2,30,5,5,0.2,30,5,5,0.2,30,5,5,0.2
143,159,16,16,0.11188811188811189,144,1,1,0.006993006993006993,158,15,15,0.1048951048951049,138,-5,5,0.03496503496503497,134,-9,9,0.06293706293706294,154,11,11,0.07692307692307693,157,14,14,0.0979020979020979,151,8,8,0.055944055944055944,152,9,9,0.06293706293706294
78,99,21,21,0.2692307692307692,72,-6,6,0.07692307692307693,76,-2,2,0.02564102564102564,97,19,19,0.24358974358974358,100,22,22,0.28205128205128205,84,6,6,0.07692307692307693,82,4,4,0.05128205128205128,93,15,15,0.19230769230769232,96,18,18,0.23076923076923078
99,109,10,10,0.10101010101010101,101,2,2,0.020202020202020204,99,0,0,0.0,90,-9,9,0.09090909090909091,99,0,0,0.0,107,8,8,0.08080808080808081,98,-1,1,0.010101010101010102,96,-3,3,0.030303030303030304,104,5,5,0.050505050505050504
42,90,48,48,1.1428571428571428,44,2,2,0.047619047619047616,44,2,2,0.047619047619047616,44,2,2,0.047619047619047616,47,5,5,0.11904761904761904,45,3,3,0.07142857142857142,45,3,3,0.07142857142857142,44,2,2,0.047619047619047616,47,5,5,0.11904761904761904
60,88,28,28,0.4666666666666667,94,34,34,0.5666666666666667,90,30,30,0.5,83,23,23,0.38333333333333336,80,20,20,0.3333333333333333,88,28,28,0.4666666666666667,75,15,15,0.25,69,9,9,0.15,69,9,9,0.15
82,113,31,31,0.3780487804878049,83,1,1,0.012195121951219513,83,1,1,0.012195121951219513,79,-3,3,0.036585365853658534,82,0,0,0.0,94,12,12,0.14634146341463414,93,11,11,0.13414634146341464,90,8,8,0.0975609756097561,76,-6,6,0.07317073170731707
172,182,10,10,0.05813953488372093,193,21,21,0.12209302325581395,193,21,21,0.12209302325581395,206,34,34,0.19767441860465115,203,31,31,0.18023255813953487,201,29,29,0.1686046511627907,189,17,17,0.09883720930232558,222,50,50,0.29069767441860467,214,42,42,0.2441860465116279
256,315,59,59,0.23046875,306,50,50,0.1953125,294,38,38,0.1484375,339,83,83,0.32421875,316,60,60,0.234375,290,34,34,0.1328125,280,24,24,0.09375,281,25,25,0.09765625,291,35,35,0.13671875
77,90,13,13,0.16883116883116883,83,6,6,0.07792207792207792,86,9,9,0.11688311688311688,90,13,13,0.16883116883116883,90,13,13,0.16883116883116883,83,6,6,0.07792207792207792,90,13,13,0.16883116883116883,92,15,15,0.19480519480519481,92,15,15,0.19480519480519481
95,114,19,19,0.2,113,18,18,0.18947368421052632,104,9,9,0.09473684210526316,85,-10,10,0.10526315789473684,87,-8,8,0.08421052631578947,107,12,12,0.12631578947368421,114,19,19,0.2,102,7,7,0.07368421052631578,113,18,18,0.18947368421052632
46,53,7,7,0.15217391304347827,47,1,1,0.021739130434782608,47,1,1,0.021739130434782608,47,1,1,0.021739130434782608,47,1,1,0.021739130434782608,47,1,1,0.021739130434782608,76,30,30,0.6521739130434783,47,1,1,0.021739130434782608,47,1,1,0.021739130434782608
86,73,-13,13,0.1511627906976744,92,6,6,0.06976744186046512,98,12,12,0.13953488372093023,84,-2,2,0.023255813953488372,84,-2,2,0.023255813953488372,106,20,20,0.23255813953488372,106,20,20,0.23255813953488372,84,-2,2,0.023255813953488372,91,5,5,0.05813953488372093
273,348,75,75,0.27472527472527475,307,34,34,0.12454212454212454,288,15,15,0.054945054945054944,304,31,31,0.11355311355311355,293,20,20,0.07326007326007326,301,28,28,0.10256410256410256,310,37,37,0.13553113553113552,303,30,30,0.10989010989010989,312,39,39,0.14285714285714285
194,235,41,41,0.211340206185567,216,22,22,0.1134020618556701,214,20,20,0.10309278350515463,228,34,34,0.17525773195876287,209,15,15,0.07731958762886598,193,-1,1,0.005154639175257732,208,14,14,0.07216494845360824,214,20,20,0.10309278350515463,208,14,14,0.07216494845360824
38,40,2,2,0.05263157894736842,49,11,11,0.2894736842105263,49,11,11,0.2894736842105263,45,7,7,0.18421052631578946,45,7,7,0.18421052631578946,42,4,4,0.10526315789473684,48,10,10,0.2631578947368421,42,4,4,0.10526315789473684,43,5,5,0.13157894736842105
89,84,-5,5,0.056179775280898875,86,-3,3,0.033707865168539325,93,4,4,0.0449438202247191,86,-3,3,0.033707865168539325,87,-2,2,0.02247191011235955,94,5,5,0.056179775280898875,93,4,4,0.0449438202247191,90,1,1,0.011235955056179775,96,7,7,0.07865168539325842
84,99,15,15,0.17857142857142858,95,11,11,0.13095238095238096,85,1,1,0.011904761904761904,91,7,7,0.08333333333333333,96,12,12,0.14285714285714285,113,29,29,0.34523809523809523,93,9,9,0.10714285714285714,95,11,11,0.13095238095238096,91,7,7,0.08333333333333333
104,144,40,40,0.38461538461538464,119,15,15,0.14423076923076922,119,15,15,0.14423076923076922,115,11,11,0.10576923076923077,102,-2,2,0.019230769230769232,118,14,14,0.1346153846153846,97,-7,7,0.0673076923076923,114,10,10,0.09615384615384616,111,7,7,0.0673076923076923
121,117,-4,4,0.03305785123966942,132,11,11,0.09090909090909091,133,12,12,0.09917355371900827,125,4,4,0.03305785123966942,128,7,7,0.05785123966942149,132,11,11,0.09090909090909091,136,15,15,0.12396694214876033,129,8,8,0.06611570247933884,129,8,8,0.06611570247933884
49,62,13,13,0.2653061224489796,72,23,23,0.46938775510204084,65,16,16,0.32653061224489793,44,-5,5,0.10204081632653061,53,4,4,0.08163265306122448,78,29,29,0.5918367346938775,71,22,22,0.4489795918367347,52,3,3,0.061224489795918366,58,9,9,0.1836734693877551
31,27,-4,4,0.12903225806451613,26,-5,5,0.16129032258064516,27,-4,4,0.12903225806451613,27,-4,4,0.12903225806451613,29,-2,2,0.06451612903225806,27,-4,4,0.12903225806451613,27,-4,4,0.12903225806451613,29,-2,2,0.06451612903225806,29,-2,2,0.06451612903225806
87,122,35,35,0.40229885057471265,112,25,25,0.28735632183908044,99,12,12,0.13793103448275862,115,28,28,0.3218390804597701,110,23,23,0.26436781609195403,128,41,41,0.47126436781609193,96,9,9,0.10344827586206896,94,7,7,0.08045977011494253,104,17,17,0.19540229885057472
112,141,29,29,0.25892857142857145,142,30,30,0.26785714285714285,150,38,38,0.3392857142857143,131,19,19,0.16964285714285715,167,55,55,0.49107142857142855,140,28,28,0.25,152,40,40,0.35714285714285715,144,32,32,0.2857142857142857,164,52,52,0.4642857142857143
109,114,5,5,0.045871559633027525,87,-22,22,0.2018348623853211,127,18,18,0.1651376146788991,120,11,11,0.10091743119266056,105,-4,4,0.03669724770642202,126,17,17,0.1559633027522936,130,21,21,0.1926605504587156,116,7,7,0.06422018348623854,129,20,20,0.1834862385321101
136,130,-6,6,0.04411764705882353,161,25,25,0.18382352941176472,148,12,12,0.08823529411764706,149,13,13,0.09558823529411764,159,23,23,0.16911764705882354,164,28,28,0.20588235294117646,163,27,27,0.19852941176470587,153,17,17,0.125,154,18,18,0.1323529411764706
60,68,8,8,0.13333333333333333,73,13,13,0.21666666666666667,73,13,13,0.21666666666666667,75,15,15,0.25,68,8,8,0.13333333333333333,75,15,15,0.25,75,15,15,0.25,66,6,6,0.1,77,17,17,0.2833333333333333
113,133,20,20,0.17699115044247787,109,-4,4,0.035398230088495575,113,0,0,0.0,109,-4,4,0.035398230088495575,114,1,1,0.008849557522123894,135,22,22,0.19469026548672566,110,-3,3,0.02654867256637168,109,-4,4,0.035398230088495575,114,1,1,0.008849557522123894
240,232,-8,8,0.03333333333333333,218,-22,22,0.09166666666666666,242,2,2,0.008333333333333333,271,31,31,0.12916666666666668,230,-10,10,0.041666666666666664,271,31,31,0.12916666666666668,275,35,35,0.14583333333333334,252,12,12,0.05,256,16,16,0.06666666666666667
78,92,14,14,0.1794871794871795,76,-2,2,0.02564102564102564,86,8,8,0.10256410256410256,80,2,2,0.02564102564102564,70,-8,8,0.10256410256410256,76,-2,2,0.02564102564102564,75,-3,3,0.038461538461538464,61,-17,17,0.21794871794871795,71,-7,7,0.08974358974358974
47,59,12,12,0.2553191489361702,51,4,4,0.0851063829787234,51,4,4,0.0851063829787234,50,3,3,0.06382978723404255,51,4,4,0.0851063829787234,51,4,4,0.0851063829787234,52,5,5,0.10638297872340426,54,7,7,0.14893617021276595,53,6,6,0.1276595744680851
203,273,70,70,0.3448275862068966,235,32,32,0.15763546798029557,232,29,29,0.14285714285714285,238,35,35,0.1724137931034483,255,52,52,0.2561576354679803,223,20,20,0.09852216748768473,247,44,44,0.21674876847290642,235,32,32,0.15763546798029557,242,39,39,0.1921182266009852
166,167,1,1,0.006024096385542169,157,-9,9,0.05421686746987952,159,-7,7,0.04216867469879518,166,0,0,0.0,171,5,5,0.030120481927710843,167,1,1,0.006024096385542169,147,-19,19,0.1144578313253012,179,13,13,0.0783132530120482,185,19,19,0.1144578313253012
84,91,7,7,0.08333333333333333,73,-11,11,0.13095238095238096,71,-13,13,0.15476190476190477,73,-11,11,0.13095238095238096,80,-4,4,0.047619047619047616,92,8,8,0.09523809523809523,109,25,25,0.2976190476190476,74,-10,10,0.11904761904761904,81,-3,3,0.03571428571428571
71,68,-3,3,0.04225352112676056,81,10,10,0.14084507042253522,81,10,10,0.14084507042253522,81,10,10,0.14084507042253522,81,10,10,0.14084507042253522,66,-5,5,0.07042253521126761,70,-1,1,0.014084507042253521,71,0,0,0.0,71,0,0,0.0
74,67,-7,7,0.0945945945945946,88,14,14,0.1891891891891892,84,10,10,0.13513513513513514,84,10,10,0.13513513513513514,89,15,15,0.20270270270270271,80,6,6,0.08108108108108109,83,9,9,0.12162162162162163,80,6,6,0.08108108108108109,85,11,11,0.14864864864864866
163,156,-7,7,0.04294478527607362,177,14,14,0.08588957055214724,185,22,22,0.13496932515337423,169,6,6,0.03680981595092025,175,12,12,0.0736196319018405,178,15,15,0.09202453987730061,174,11,11,0.06748466257668712,176,13,13,0.07975460122699386,179,16,16,0.09815950920245399
139,186,47,47,0.3381294964028777,186,47,47,0.3381294964028777,202,63,63,0.45323741007194246,181,42,42,0.302158273381295,169,30,30,0.2158273381294964,156,17,17,0.1223021582733813,181,42,42,0.302158273381295,152,13,13,0.09352517985611511,156,17,17,0.1223021582733813
171,210,39,39,0.22807017543859648,188,17,17,0.09941520467836257,200,29,29,0.1695906432748538,197,26,26,0.15204678362573099,179,8,8,0.04678362573099415,196,25,25,0.14619883040935672,198,27,27,0.15789473684210525,203,32,32,0.1871345029239766,180,9,9,0.05263157894736842
86,88,2,2,0.023255813953488372,86,0,0,0.0,86,0,0,0.0,89,3,3,0.03488372093023256,86,0,0,0.0,95,9,9,0.10465116279069768,90,4,4,0.046511627906976744,100,14,14,0.16279069767441862,86,0,0,0.0
322,367,45,45,0.13975155279503104,351,29,29,0.09006211180124224,370,48,48,0.14906832298136646,321,-1,1,0.003105590062111801,343,21,21,0.06521739130434782,350,28,28,0.08695652173913043,343,21,21,0.06521739130434782,342,20,20,0.062111801242236024,353,31,31,0.09627329192546584
67,76,9,9,0.13432835820895522,68,1,1,0.014925373134328358,73,6,6,0.08955223880597014,77,10,10,0.14925373134328357,75,8,8,0.11940298507462686,74,7,7,0.1044776119402985,71,4,4,0.05970149253731343,76,9,9,0.13432835820895522,83,16,16,0.23880597014925373
100,105,5,5,0.05,89,-11,11,0.11,91,-9,9,0.09,96,-4,4,0.04,97,-3,3,0.03,89,-11,11,0.11,87,-13,13,0.13,97,-3,3,0.03,97,-3,3,0.03
107,148,41,41,0.38317757009345793,110,3,3,0.028037383177570093,118,11,11,0.102803738317757,110,3,3,0.028037383177570093,122,15,15,0.14018691588785046,99,-8,8,0.07476635514018691,117,10,10,0.09345794392523364,109,2,2,0.018691588785046728,109,2,2,0.018691588785046728
80,89,9,9,0.1125,75,-5,5,0.0625,82,2,2,0.025,77,-3,3,0.0375,70,-10,10,0.125,82,2,2,0.025,84,4,4,0.05,86,6,6,0.075,78,-2,2,0.025
85,117,32,32,0.3764705882352941,104,19,19,0.2235294117647059,100,15,15,0.17647058823529413,108,23,23,0.27058823529411763,116,31,31,0.36470588235294116,91,6,6,0.07058823529411765,95,10,10,0.11764705882352941,99,14,14,0.16470588235294117,86,1,1,0.011764705882352941
71,84,13,13,0.18309859154929578,75,4,4,0.056338028169014086,75,4,4,0.056338028169014086,77,6,6,0.08450704225352113,85,14,14,0.19718309859154928,83,12,12,0.16901408450704225,76,5,5,0.07042253521126761,73,2,2,0.028169014084507043,72,1,1,0.014084507042253521
181,266,85,85,0.4696132596685083,203,22,22,0.12154696132596685,228,47,47,0.2596685082872928,200,19,19,0.10497237569060773,217,36,36,0.19889502762430938,222,41,41,0.2265193370165746,212,31,31,0.1712707182320442,204,23,23,0.1270718232044199,201,20,20,0.11049723756906077
46,64,18,18,0.391304347826087,56,10,10,0.21739130434782608,51,5,5,0.10869565217391304,52,6,6,0.13043478260869565,48,2,2,0.043478260869565216,50,4,4,0.08695652173913043,63,17,17,0.3695652173913043,54,8,8,0.17391304347826086,53,7,7,0.15217391304347827
83,106,23,23,0.27710843373493976,85,2,2,0.024096385542168676,77,-6,6,0.07228915662650602,89,6,6,0.07228915662650602,86,3,3,0.03614457831325301,83,0,0,0.0,79,-4,4,0.04819277108433735,82,-1,1,0.012048192771084338,83,0,0,0.0
59,74,15,15,0.2542372881355932,59,0,0,0.0,62,3,3,0.05084745762711865,54,-5,5,0.0847457627118644,55,-4,4,0.06779661016949153,59,0,0,0.0,68,9,9,0.15254237288135594,57,-2,2,0.03389830508474576,61,2,2,0.03389830508474576
158,191,33,33,0.2088607594936709,186,28,28,0.17721518987341772,167,9,9,0.056962025316455694,193,35,35,0.22151898734177214,183,25,25,0.15822784810126583,183,25,25,0.15822784810126583,182,24,24,0.1518987341772152,180,22,22,0.13924050632911392,180,22,22,0.13924050632911392
66,91,25,25,0.3787878787878788,72,6,6,0.09090909090909091,73,7,7,0.10606060606060606,87,21,21,0.3181818181818182,88,22,22,0.3333333333333333,68,2,2,0.030303030303030304,73,7,7,0.10606060606060606,79,13,13,0.19696969696969696,76,10,10,0.15151515151515152
155,161,6,6,0.03870967741935484,152,-3,3,0.01935483870967742,149,-6,6,0.03870967741935484,159,4,4,0.025806451612903226,161,6,6,0.03870967741935484,189,34,34,0.21935483870967742,166,11,11,0.07096774193548387,157,2,2,0.012903225806451613,159,4,4,0.025806451612903226
39,47,8,8,0.20512820512820512,40,1,1,0.02564102564102564,40,1,1,0.02564102564102564,43,4,4,0.10256410256410256,43,4,4,0.10256410256410256,42,3,3,0.07692307692307693,42,3,3,0.07692307692307693,43,4,4,0.10256410256410256,36,-3,3,0.07692307692307693
169,217,48,48,0.28402366863905326,152,-17,17,0.10059171597633136,158,-11,11,0.0650887573964497,173,4,4,0.023668639053254437,177,8,8,0.047337278106508875,192,23,23,0.13609467455621302,176,7,7,0.04142011834319527,177,8,8,0.047337278106508875,171,2,2,0.011834319526627219
189,210,21,21,0.1111111111111111,203,14,14,0.07407407407407407,206,17,17,0.08994708994708994,210,21,21,0.1111111111111111,209,20,20,0.10582010582010581,208,19,19,0.10052910052910052,270,81,81,0.42857142857142855,228,39,39,0.20634920634920634,212,23,23,0.12169312169312169
170,209,39,39,0.22941176470588234,159,-11,11,0.06470588235294118,156,-14,14,0.08235294117647059,182,12,12,0.07058823529411765,189,19,19,0.11176470588235295,171,1,1,0.0058823529411764705,160,-10,10,0.058823529411764705,176,6,6,0.03529411764705882,193,23,23,0.13529411764705881
127,133,6,6,0.047244094488188976,136,9,9,0.07086614173228346,134,7,7,0.05511811023622047,144,17,17,0.13385826771653545,135,8,8,0.06299212598425197,135,8,8,0.06299212598425197,127,0,0,0.0,136,9,9,0.07086614173228346,139,12,12,0.09448818897637795
104,150,46,46,0.4423076923076923,129,25,25,0.2403846153846154,140,36,36,0.34615384615384615,126,22,22,0.21153846153846154,116,12,12,0.11538461538461539,132,28,28,0.2692307692307692,121,17,17,0.16346153846153846,127,23,23,0.22115384615384615,116,12,12,0.11538461538461539
199,255,56,56,0.2814070351758794,220,21,21,0.10552763819095477,271,72,72,0.36180904522613067,232,33,33,0.1658291457286432,256,57,57,0.2864321608040201,208,9,9,0.04522613065326633,208,9,9,0.04522613065326633,225,26,26,0.1306532663316583,238,39,39,0.19597989949748743
93,117,24,24,0.25806451612903225,98,5,5,0.053763440860215055,110,17,17,0.1827956989247312,104,11,11,0.11827956989247312,111,18,18,0.1935483870967742,101,8,8,0.08602150537634409,100,7,7,0.07526881720430108,102,9,9,0.0967741935483871,103,10,10,0.10752688172043011
101,86,-15,15,0.1485148514851485,118,17,17,0.16831683168316833,116,15,15,0.1485148514851485,120,19,19,0.18811881188118812,118,17,17,0.16831683168316833,118,17,17,0.16831683168316833,111,10,10,0.09900990099009901,118,17,17,0.16831683168316833,113,12,12,0.1188118811881188
148,173,25,25,0.16891891891891891,169,21,21,0.14189189189189189,187,39,39,0.2635135135135135,161,13,13,0.08783783783783784,155,7,7,0.0472972972972973,194,46,46,0.3108108108108108,183,35,35,0.23648648648648649,165,17,17,0.11486486486486487,163,15,15,0.10135135135135136
103,127,24,24,0.23300970873786409,127,24,24,0.23300970873786409,111,8,8,0.07766990291262135,124,21,21,0.20388349514563106,133,30,30,0.2912621359223301,119,16,16,0.1553398058252427,116,13,13,0.1262135922330097,115,12,12,0.11650485436893204,125,22,22,0.21359223300970873
79,76,-3,3,0.0379746835443038,77,-2,2,0.02531645569620253,77,-2,2,0.02531645569620253,74,-5,5,0.06329113924050633,74,-5,5,0.06329113924050633,69,-10,10,0.12658227848101267,71,-8,8,0.10126582278481013,77,-2,2,0.02531645569620253,72,-7,7,0.08860759493670886
102,166,64,64,0.6274509803921569,113,11,11,0.10784313725490197,125,23,23,0.22549019607843138,118,16,16,0.1568627450980392,144,42,42,0.4117647058823529,116,14,14,0.13725490196078433,114,12,12,0.11764705882352941,119,17,17,0.16666666666666666,117,15,15,0.14705882352941177
76,90,14,14,0.18421052631578946,87,11,11,0.14473684210526316,103,27,27,0.35526315789473684,96,20,20,0.2631578947368421,91,15,15,0.19736842105263158,82,6,6,0.07894736842105263,97,21,21,0.27631578947368424,83,7,7,0.09210526315789473,88,12,12,0.15789473684210525
327,380,53,53,0.1620795107033639,328,1,1,0.0030581039755351682,333,6,6,0.01834862385321101,362,35,35,0.10703363914373089,351,24,24,0.07339449541284404,342,15,15,0.045871559633027525,360,33,33,0.10091743119266056,355,28,28,0.0856269113149847,335,8,8,0.024464831804281346
208,198,-10,10,0.04807692307692308,238,30,30,0.14423076923076922,247,39,39,0.1875,229,21,21,0.10096153846153846,223,15,15,0.07211538461538461,231,23,23,0.11057692307692307,234,26,26,0.125,221,13,13,0.0625,216,8,8,0.038461538461538464
77,116,39,39,0.5064935064935064,90,13,13,0.16883116883116883,84,7,7,0.09090909090909091,81,4,4,0.05194805194805195,86,9,9,0.11688311688311688,84,7,7,0.09090909090909091,86,9,9,0.11688311688311688,81,4,4,0.05194805194805195,96,19,19,0.24675324675324675
141,177,36,36,0.2553191489361702,158,17,17,0.12056737588652482,148,7,7,0.04964539007092199,151,10,10,0.07092198581560284,169,28,28,0.19858156028368795,171,30,30,0.2127659574468085,164,23,23,0.16312056737588654,146,5,5,0.03546099290780142,169,28,28,0.19858156028368795
132,125,-7,7,0.05303030303030303,151,19,19,0.14393939393939395,156,24,24,0.18181818181818182,160,28,28,0.21212121212121213,172,40,40,0.30303030303030304,152,20,20,0.15151515151515152,152,20,20,0.15151515151515152,149,17,17,0.12878787878787878,146,14,14,0.10606060606060606
218,283,65,65,0.2981651376146789,283,65,65,0.2981651376146789,296,78,78,0.3577981651376147,295,77,77,0.3532110091743119,281,63,63,0.2889908256880734,262,44,44,0.2018348623853211,267,49,49,0.22477064220183487,259,41,41,0.18807339449541285,243,25,25,0.11467889908256881
198,211,13,13,0.06565656565656566,211,13,13,0.06565656565656566,216,18,18,0.09090909090909091,208,10,10,0.050505050505050504,190,-8,8,0.04040404040404041,218,20,20,0.10101010101010101,223,25,25,0.12626262626262627,227,29,29,0.14646464646464646,203,5,5,0.025252525252525252
280,351,71,71,0.25357142857142856,319,39,39,0.1392857142857143,308,28,28,0.1,301,21,21,0.075,326,46,46,0.16428571428571428,301,21,21,0.075,275,-5,5,0.017857142857142856,308,28,28,0.1,302,22,22,0.07857142857142857
217,222,5,5,0.02304147465437788,258,41,41,0.1889400921658986,253,36,36,0.16589861751152074,228,11,11,0.05069124423963134,242,25,25,0.1152073732718894,229,12,12,0.055299539170506916,208,-9,9,0.041474654377880185,237,20,20,0.09216589861751152,246,29,29,0.1336405529953917
171,227,56,56,0.32748538011695905,194,23,23,0.13450292397660818,189,18,18,0.10526315789473684,179,8,8,0.04678362573099415,201,30,30,0.17543859649122806,188,17,17,0.09941520467836257,203,32,32,0.1871345029239766,184,13,13,0.07602339181286549,189,18,18,0.10526315789473684
169,218,49,49,0.28994082840236685,197,28,28,0.16568047337278108,196,27,27,0.15976331360946747,193,24,24,0.14201183431952663,202,33,33,0.1952662721893491,197,28,28,0.16568047337278108,200,31,31,0.1834319526627219,192,23,23,0.13609467455621302,183,14,14,0.08284023668639054
295,417,122,122,0.4135593220338983,353,58,58,0.19661016949152543,396,101,101,0.3423728813559322,335,40,40,0.13559322033898305,343,48,48,0.16271186440677965,376,81,81,0.2745762711864407,341,46,46,0.15593220338983052,345,50,50,0.1694915254237288,343,48,48,0.16271186440677965
156,174,18,18,0.11538461538461539,159,3,3,0.019230769230769232,166,10,10,0.0641025641025641,153,-3,3,0.019230769230769232,152,-4,4,0.02564102564102564,176,20,20,0.1282051282051282,167,11,11,0.07051282051282051,162,6,6,0.038461538461538464,160,4,4,0.02564102564102564
99,105,6,6,0.06060606060606061,125,26,26,0.26262626262626265,132,33,33,0.3333333333333333,129,30,30,0.30303030303030304,125,26,26,0.26262626262626265,135,36,36,0.36363636363636365,130,31,31,0.31313131313131315,104,5,5,0.050505050505050504,115,16,16,0.16161616161616163
111,120,9,9,0.08108108108108109,104,-7,7,0.06306306306306306,116,5,5,0.04504504504504504,112,1,1,0.009009009009009009,116,5,5,0.04504504504504504,124,13,13,0.11711711711711711,108,-3,3,0.02702702702702703,122,11,11,0.0990990990990991,145,34,34,0.3063063063063063
163,236,73,73,0.44785276073619634,179,16,16,0.09815950920245399,199,36,36,0.22085889570552147,202,39,39,0.2392638036809816,190,27,27,0.1656441717791411,176,13,13,0.07975460122699386,193,30,30,0.18404907975460122,187,24,24,0.147239263803681,184,21,21,0.12883435582822086
50,61,11,11,0.22,55,5,5,0.1,69,19,19,0.38,73,23,23,0.46,59,9,9,0.18,54,4,4,0.08,63,13,13,0.26,66,16,16,0.32,50,0,0,0.0
309,353,44,44,0.1423948220064725,377,68,68,0.22006472491909385,362,53,53,0.1715210355987055,391,82,82,0.26537216828478966,397,88,88,0.284789644012945,388,79,79,0.255663430420712,335,26,26,0.08414239482200647,364,55,55,0.1779935275080906,369,60,60,0.1941747572815534
68,85,17,17,0.25,79,11,11,0.16176470588235295,79,11,11,0.16176470588235295,82,14,14,0.20588235294117646,79,11,11,0.16176470588235295,81,13,13,0.19117647058823528,78,10,10,0.14705882352941177,78,10,10,0.14705882352941177,74,6,6,0.08823529411764706
96,156,60,60,0.625,112,16,16,0.16666666666666666,129,33,33,0.34375,122,26,26,0.2708333333333333,126,30,30,0.3125,131,35,35,0.3645833333333333,126,30,30,0.3125,117,21,21,0.21875,118,22,22,0.22916666666666666
192,238,46,46,0.23958333333333334,252,60,60,0.3125,256,64,64,0.3333333333333333,216,24,24,0.125,244,52,52,0.2708333333333333,257,65,65,0.3385416666666667,232,40,40,0.20833333333333334,234,42,42,0.21875,234,42,42,0.21875
51,96,45,45,0.8823529411764706,48,-3,3,0.058823529411764705,57,6,6,0.11764705882352941,57,6,6,0.11764705882352941,61,10,10,0.19607843137254902,61,10,10,0.19607843137254902,62,11,11,0.21568627450980393,63,12,12,0.23529411764705882,61,10,10,0.19607843137254902
214,298,84,84,0.3925233644859813,232,18,18,0.08411214953271028,228,14,14,0.06542056074766354,244,30,30,0.14018691588785046,222,8,8,0.037383177570093455,248,34,34,0.1588785046728972,237,23,23,0.10747663551401869,228,14,14,0.06542056074766354,233,19,19,0.08878504672897196
150,182,32,32,0.21333333333333335,162,12,12,0.08,172,22,22,0.14666666666666667,153,3,3,0.02,169,19,19,0.12666666666666668,171,21,21,0.14,168,18,18,0.12,179,29,29,0.19333333333333333,175,25,25,0.16666666666666666
211,305,94,94,0.44549763033175355,245,34,34,0.16113744075829384,267,56,56,0.26540284360189575,262,51,51,0.24170616113744076,241,30,30,0.14218009478672985,236,25,25,0.11848341232227488,238,27,27,0.12796208530805686,246,35,35,0.16587677725118483,230,19,19,0.09004739336492891
56,43,-13,13,0.23214285714285715,68,12,12,0.21428571428571427,68,12,12,0.21428571428571427,66,10,10,0.17857142857142858,62,6,6,0.10714285714285714,69,13,13,0.23214285714285715,66,10,10,0.17857142857142858,55,-1,1,0.017857142857142856,49,-7,7,0.125
72,128,56,56,0.7777777777777778,91,19,19,0.2638888888888889,82,10,10,0.1388888888888889,94,22,22,0.3055555555555556,79,7,7,0.09722222222222222,76,4,4,0.05555555555555555,67,-5,5,0.06944444444444445,82,10,10,0.1388888888888889,84,12,12,0.16666666666666666
57,86,29,29,0.5087719298245614,82,25,25,0.43859649122807015,67,10,10,0.17543859649122806,76,19,19,0.3333333333333333,81,24,24,0.42105263157894735,80,23,23,0.40350877192982454,69,12,12,0.21052631578947367,70,13,13,0.22807017543859648,70,13,13,0.22807017543859648
175,205,30,30,0.17142857142857143,190,15,15,0.08571428571428572,183,8,8,0.045714285714285714,162,-13,13,0.07428571428571429,203,28,28,0.16,204,29,29,0.1657142857142857,200,25,25,0.14285714285714285,207,32,32,0.18285714285714286,174,-1,1,0.005714285714285714
79,114,35,35,0.4430379746835443,98,19,19,0.24050632911392406,86,7,7,0.08860759493670886,94,15,15,0.189873417721519,78,-1,1,0.012658227848101266,85,6,6,0.0759493670886076,95,16,16,0.20253164556962025,89,10,10,0.12658227848101267,77,-2,2,0.02531645569620253
233,214,-19,19,0.0815450643776824,208,-25,25,0.1072961373390558,201,-32,32,0.13733905579399142,214,-19,19,0.0815450643776824,213,-20,20,0.08583690987124463,230,-3,3,0.012875536480686695,228,-5,5,0.02145922746781116,255,22,22,0.0944206008583691,230,-3,3,0.012875536480686695
105,91,-14,14,0.13333333333333333,102,-3,3,0.02857142857142857,105,0,0,0.0,109,4,4,0.0380952380952381,92,-13,13,0.12380952380952381,114,9,9,0.08571428571428572,112,7,7,0.06666666666666667,110,5,5,0.047619047619047616,108,3,3,0.02857142857142857
215,197,-18,18,0.08372093023255814,225,10,10,0.046511627906976744,257,42,42,0.19534883720930232,231,16,16,0.07441860465116279,227,12,12,0.05581395348837209,247,32,32,0.14883720930232558,259,44,44,0.20465116279069767,234,19,19,0.08837209302325581,236,21,21,0.09767441860465116
147,136,-11,11,0.07482993197278912,144,-3,3,0.02040816326530612,162,15,15,0.10204081632653061,146,-1,1,0.006802721088435374,123,-24,24,0.16326530612244897,159,12,12,0.08163265306122448,154,7,7,0.047619047619047616,151,4,4,0.027210884353741496,139,-8,8,0.05442176870748299
58,72,14,14,0.2413793103448276,66,8,8,0.13793103448275862,70,12,12,0.20689655172413793,66,8,8,0.13793103448275862,56,-2,2,0.034482758620689655,69,11,11,0.1896551724137931,69,11,11,0.1896551724137931,66,8,8,0.13793103448275862,59,1,1,0.017241379310344827
127,120,-7,7,0.05511811023622047,130,3,3,0.023622047244094488,123,-4,4,0.031496062992125984,107,-20,20,0.15748031496062992,121,-6,6,0.047244094488188976,116,-11,11,0.08661417322834646,113,-14,14,0.11023622047244094,118,-9,9,0.07086614173228346,115,-12,12,0.09448818897637795
59,48,-11,11,0.1864406779661017,61,2,2,0.03389830508474576,66,7,7,0.11864406779661017,63,4,4,0.06779661016949153,62,3,3,0.05084745762711865,58,-1,1,0.01694915254237288,64,5,5,0.0847457627118644,59,0,0,0.0,68,9,9,0.15254237288135594
184,201,17,17,0.09239130434782608,194,10,10,0.05434782608695652,186,2,2,0.010869565217391304,205,21,21,0.11413043478260869,182,-2,2,0.010869565217391304,201,17,17,0.09239130434782608,178,-6,6,0.03260869565217391,200,16,16,0.08695652173913043,181,-3,3,0.016304347826086956
154,156,2,2,0.012987012987012988,149,-5,5,0.032467532467532464,131,-23,23,0.14935064935064934,158,4,4,0.025974025974025976,162,8,8,0.05194805194805195,159,5,5,0.032467532467532464,144,-10,10,0.06493506493506493,161,7,7,0.045454545454545456,162,8,8,0.05194805194805195
75,60,-15,15,0.2,82,7,7,0.09333333333333334,77,2,2,0.02666666666666667,86,11,11,0.14666666666666667,65,-10,10,0.13333333333333333,79,4,4,0.05333333333333334,70,-5,5,0.06666666666666667,91,16,16,0.21333333333333335,76,1,1,0.013333333333333334
81,99,18,18,0.2222222222222222,80,-1,1,0.012345679012345678,84,3,3,0.037037037037037035,94,13,13,0.16049382716049382,71,-10,10,0.12345679012345678,76,-5,5,0.06172839506172839,84,3,3,0.037037037037037035,87,6,6,0.07407407407407407,74,-7,7,0.08641975308641975
121,128,7,7,0.05785123966942149,137,16,16,0.1322314049586777,103,-18,18,0.1487603305785124,116,-5,5,0.04132231404958678,133,12,12,0.09917355371900827,116,-5,5,0.04132231404958678,112,-9,9,0.0743801652892562,124,3,3,0.024793388429752067,120,-1,1,0.008264462809917356
135,140,5,5,0.037037037037037035,120,-15,15,0.1111111111111111,127,-8,8,0.05925925925925926,115,-20,20,0.14814814814814814,121,-14,14,0.1037037037037037,163,28,28,0.2074074074074074,150,15,15,0.1111111111111111,130,-5,5,0.037037037037037035,151,16,16,0.11851851851851852
146,163,17,17,0.11643835616438356,176,30,30,0.2054794520547945,143,-3,3,0.02054794520547945,178,32,32,0.2191780821917808,151,5,5,0.03424657534246575,149,3,3,0.02054794520547945,144,-2,2,0.0136986301369863,150,4,4,0.0273972602739726,144,-2,2,0.0136986301369863
82,116,34,34,0.4146341463414634,118,36,36,0.43902439024390244,113,31,31,0.3780487804878049,114,32,32,0.3902439024390244,108,26,26,0.3170731707317073,78,-4,4,0.04878048780487805,76,-6,6,0.07317073170731707,84,2,2,0.024390243902439025,90,8,8,0.0975609756097561
110,132,22,22,0.2,141,31,31,0.2818181818181818,125,15,15,0.13636363636363635,166,56,56,0.509090909090909,115,5,5,0.045454545454545456,119,9,9,0.08181818181818182,116,6,6,0.05454545454545454,121,11,11,0.1,114,4,4,0.03636363636363636
90,91,1,1,0.011111111111111112,103,13,13,0.14444444444444443,97,7,7,0.07777777777777778,97,7,7,0.07777777777777778,97,7,7,0.07777777777777778,107,17,17,0.18888888888888888,96,6,6,0.06666666666666667,92,2,2,0.022222222222222223,95,5,5,0.05555555555555555
148,147,-1,1,0.006756756756756757,163,15,15,0.10135135135135136,166,18,18,0.12162162162162163,183,35,35,0.23648648648648649,159,11,11,0.07432432432432433,166,18,18,0.12162162162162163,173,25,25,0.16891891891891891,155,7,7,0.0472972972972973,161,13,13,0.08783783783783784
94,103,9,9,0.09574468085106383,81,-13,13,0.13829787234042554,80,-14,14,0.14893617021276595,103,9,9,0.09574468085106383,104,10,10,0.10638297872340426,94,0,0,0.0,81,-13,13,0.13829787234042554,106,12,12,0.1276595744680851,108,14,14,0.14893617021276595
154,155,1,1,0.006493506493506494,158,4,4,0.025974025974025976,165,11,11,0.07142857142857142,162,8,8,0.05194805194805195,176,22,22,0.14285714285714285,191,37,37,0.24025974025974026,189,35,35,0.22727272727272727,166,12,12,0.07792207792207792,171,17,17,0.11038961038961038
137,135,-2,2,0.014598540145985401,149,12,12,0.08759124087591241,138,1,1,0.0072992700729927005,147,10,10,0.072992700729927,159,22,22,0.16058394160583941,156,19,19,0.1386861313868613,143,6,6,0.043795620437956206,150,13,13,0.0948905109489051,160,23,23,0.1678832116788321
119,120,1,1,0.008403361344537815,122,3,3,0.025210084033613446,125,6,6,0.05042016806722689,116,-3,3,0.025210084033613446,136,17,17,0.14285714285714285,137,18,18,0.15126050420168066,131,12,12,0.10084033613445378,132,13,13,0.1092436974789916,135,16,16,0.13445378151260504
83,77,-6,6,0.07228915662650602,82,-1,1,0.012048192771084338,94,11,11,0.13253012048192772,89,6,6,0.07228915662650602,91,8,8,0.0963855421686747,90,7,7,0.08433734939759036,81,-2,2,0.024096385542168676,89,6,6,0.07228915662650602,96,13,13,0.1566265060240964
36,46,10,10,0.2777777777777778,33,-3,3,0.08333333333333333,38,2,2,0.05555555555555555,33,-3,3,0.08333333333333333,37,1,1,0.027777777777777776,42,6,6,0.16666666666666666,35,-1,1,0.027777777777777776,40,4,4,0.1111111111111111,35,-1,1,0.027777777777777776
65,67,2,2,0.03076923076923077,68,3,3,0.046153846153846156,63,-2,2,0.03076923076923077,63,-2,2,0.03076923076923077,74,9,9,0.13846153846153847,68,3,3,0.046153846153846156,72,7,7,0.1076923076923077,63,-2,2,0.03076923076923077,69,4,4,0.06153846153846154
94,100,6,6,0.06382978723404255,100,6,6,0.06382978723404255,100,6,6,0.06382978723404255,101,7,7,0.07446808510638298,97,3,3,0.031914893617021274,115,21,21,0.22340425531914893,112,18,18,0.19148936170212766,109,15,15,0.1595744680851064,112,18,18,0.19148936170212766
137,130,-7,7,0.051094890510948905,141,4,4,0.029197080291970802,156,19,19,0.1386861313868613,134,-3,3,0.021897810218978103,166,29,29,0.2116788321167883,139,2,2,0.014598540145985401,132,-5,5,0.0364963503649635,139,2,2,0.014598540145985401,166,29,29,0.2116788321167883
194,219,25,25,0.12886597938144329,172,-22,22,0.1134020618556701,165,-29,29,0.14948453608247422,178,-16,16,0.08247422680412371,197,3,3,0.015463917525773196,172,-22,22,0.1134020618556701,164,-30,30,0.15463917525773196,175,-19,19,0.0979381443298969,198,4,4,0.020618556701030927
54,54,0,0,0.0,62,8,8,0.14814814814814814,52,-2,2,0.037037037037037035,57,3,3,0.05555555555555555,64,10,10,0.18518518518518517,66,12,12,0.2222222222222222,58,4,4,0.07407407407407407,68,14,14,0.25925925925925924,65,11,11,0.2037037037037037
216,215,-1,1,0.004629629629629629,195,-21,21,0.09722222222222222,205,-11,11,0.05092592592592592,201,-15,15,0.06944444444444445,204,-12,12,0.05555555555555555,216,0,0,0.0,240,24,24,0.1111111111111111,216,0,0,0.0,211,-5,5,0.023148148148148147
207,276,69,69,0.3333333333333333,238,31,31,0.1497584541062802,216,9,9,0.043478260869565216,248,41,41,0.19806763285024154,261,54,54,0.2608695652173913,250,43,43,0.20772946859903382,218,11,11,0.05314009661835749,237,30,30,0.14492753623188406,232,25,25,0.12077294685990338
113,95,-18,18,0.1592920353982301,123,10,10,0.08849557522123894,111,-2,2,0.017699115044247787,119,6,6,0.05309734513274336,118,5,5,0.04424778761061947,120,7,7,0.061946902654867256,105,-8,8,0.07079646017699115,120,7,7,0.061946902654867256,113,0,0,0.0
67,76,9,9,0.13432835820895522,87,20,20,0.29850746268656714,80,13,13,0.19402985074626866,74,7,7,0.1044776119402985,81,14,14,0.208955223880597,80,13,13,0.19402985074626866,76,9,9,0.13432835820895522,74,7,7,0.1044776119402985,74,7,7,0.1044776119402985
109,111,2,2,0.01834862385321101,137,28,28,0.25688073394495414,117,8,8,0.07339449541284404,134,25,25,0.22935779816513763,124,15,15,0.13761467889908258,136,27,27,0.24770642201834864,125,16,16,0.14678899082568808,118,9,9,0.08256880733944955,126,17,17,0.1559633027522936
38,50,12,12,0.3157894736842105,45,7,7,0.18421052631578946,42,4,4,0.10526315789473684,40,2,2,0.05263157894736842,43,5,5,0.13157894736842105,39,1,1,0.02631578947368421,42,4,4,0.10526315789473684,46,8,8,0.21052631578947367,39,1,1,0.02631578947368421
113,152,39,39,0.34513274336283184,137,24,24,0.21238938053097345,136,23,23,0.20353982300884957,112,-1,1,0.008849557522123894,109,-4,4,0.035398230088495575,140,27,27,0.23893805309734514,144,31,31,0.2743362831858407,111,-2,2,0.017699115044247787,106,-7,7,0.061946902654867256
150,146,-4,4,0.02666666666666667,149,-1,1,0.006666666666666667,155,5,5,0.03333333333333333,151,1,1,0.006666666666666667,154,4,4,0.02666666666666667,164,14,14,0.09333333333333334,153,3,3,0.02,164,14,14,0.09333333333333334,163,13,13,0.08666666666666667
145,193,48,48,0.3310344827586207,278,133,133,0.9172413793103448,120,-25,25,0.1724137931034483,152,7,7,0.04827586206896552,149,4,4,0.027586206896551724,156,11,11,0.07586206896551724,144,-1,1,0.006896551724137931,149,4,4,0.027586206896551724,172,27,27,0.18620689655172415
101,121,20,20,0.19801980198019803,99,-2,2,0.019801980198019802,113,12,12,0.1188118811881188,101,0,0,0.0,101,0,0,0.0,130,29,29,0.2871287128712871,108,7,7,0.06930693069306931,123,22,22,0.21782178217821782,119,18,18,0.1782178217821782
250,266,16,16,0.064,277,27,27,0.108,276,26,26,0.104,260,10,10,0.04,289,39,39,0.156,298,48,48,0.192,280,30,30,0.12,278,28,28,0.112,273,23,23,0.092
106,109,3,3,0.02830188679245283,115,9,9,0.08490566037735849,117,11,11,0.10377358490566038,122,16,16,0.1509433962264151,111,5,5,0.04716981132075472,118,12,12,0.11320754716981132,124,18,18,0.16981132075471697,120,14,14,0.1320754716981132,113,7,7,0.0660377358490566
104,118,14,14,0.1346153846153846,108,4,4,0.038461538461538464,120,16,16,0.15384615384615385,109,5,5,0.04807692307692308,105,1,1,0.009615384615384616,131,27,27,0.25961538461538464,116,12,12,0.11538461538461539,111,7,7,0.0673076923076923,116,12,12,0.11538461538461539
147,176,29,29,0.19727891156462585,165,18,18,0.12244897959183673,153,6,6,0.04081632653061224,158,11,11,0.07482993197278912,169,22,22,0.14965986394557823,167,20,20,0.1360544217687075,156,9,9,0.061224489795918366,159,12,12,0.08163265306122448,152,5,5,0.034013605442176874
81,100,19,19,0.2345679012345679,72,-9,9,0.1111111111111111,118,37,37,0.4567901234567901,65,-16,16,0.19753086419753085,80,-1,1,0.012345679012345678,91,10,10,0.12345679012345678,99,18,18,0.2222222222222222,87,6,6,0.07407407407407407,81,0,0,0.0
87,117,30,30,0.3448275862068966,99,12,12,0.13793103448275862,105,18,18,0.20689655172413793,102,15,15,0.1724137931034483,105,18,18,0.20689655172413793,95,8,8,0.09195402298850575,103,16,16,0.1839080459770115,98,11,11,0.12643678160919541,100,13,13,0.14942528735632185
171,211,40,40,0.23391812865497075,198,27,27,0.15789473684210525,204,33,33,0.19298245614035087,197,26,26,0.15204678362573099,204,33,33,0.19298245614035087,203,32,32,0.1871345029239766,181,10,10,0.05847953216374269,177,6,6,0.03508771929824561,190,19,19,0.1111111111111111
90,149,59,59,0.6555555555555556,121,31,31,0.34444444444444444,107,17,17,0.18888888888888888,120,30,30,0.3333333333333333,107,17,17,0.18888888888888888,112,22,22,0.24444444444444444,104,14,14,0.15555555555555556,111,21,21,0.23333333333333334,109,19,19,0.2111111111111111
98,118,20,20,0.20408163265306123,118,20,20,0.20408163265306123,118,20,20,0.20408163265306123,122,24,24,0.24489795918367346,129,31,31,0.3163265306122449,117,19,19,0.19387755102040816,117,19,19,0.19387755102040816,116,18,18,0.1836734693877551,139,41,41,0.41836734693877553
67,84,17,17,0.2537313432835821,75,8,8,0.11940298507462686,100,33,33,0.4925373134328358,74,7,7,0.1044776119402985,97,30,30,0.44776119402985076,68,1,1,0.014925373134328358,80,13,13,0.19402985074626866,74,7,7,0.1044776119402985,87,20,20,0.29850746268656714
258,295,37,37,0.1434108527131783,283,25,25,0.09689922480620156,290,32,32,0.12403100775193798,301,43,43,0.16666666666666666,302,44,44,0.17054263565891473,289,31,31,0.12015503875968993,288,30,30,0.11627906976744186,296,38,38,0.14728682170542637,281,23,23,0.08914728682170543
206,285,79,79,0.38349514563106796,225,19,19,0.09223300970873786,229,23,23,0.11165048543689321,238,32,32,0.1553398058252427,228,22,22,0.10679611650485436,251,45,45,0.21844660194174756,228,22,22,0.10679611650485436,241,35,35,0.16990291262135923,232,26,26,0.1262135922330097
170,161,-9,9,0.052941176470588235,173,3,3,0.01764705882352941,172,2,2,0.011764705882352941,163,-7,7,0.041176470588235294,177,7,7,0.041176470588235294,172,2,2,0.011764705882352941,174,4,4,0.023529411764705882,166,-4,4,0.023529411764705882,175,5,5,0.029411764705882353
114,114,0,0,0.0,115,1,1,0.008771929824561403,126,12,12,0.10526315789473684,127,13,13,0.11403508771929824,126,12,12,0.10526315789473684,129,15,15,0.13157894736842105,123,9,9,0.07894736842105263,124,10,10,0.08771929824561403,120,6,6,0.05263157894736842
165,149,-16,16,0.09696969696969697,176,11,11,0.06666666666666667,148,-17,17,0.10303030303030303,183,18,18,0.10909090909090909,144,-21,21,0.12727272727272726,198,33,33,0.2,192,27,27,0.16363636363636364,188,23,23,0.1393939393939394,191,26,26,0.15757575757575756
173,234,61,61,0.35260115606936415,210,37,37,0.2138728323699422,206,33,33,0.1907514450867052,216,43,43,0.24855491329479767,202,29,29,0.1676300578034682,201,28,28,0.16184971098265896,194,21,21,0.12138728323699421,215,42,42,0.24277456647398843,200,27,27,0.15606936416184972
56,59,3,3,0.05357142857142857,59,3,3,0.05357142857142857,59,3,3,0.05357142857142857,59,3,3,0.05357142857142857,59,3,3,0.05357142857142857,66,10,10,0.17857142857142858,73,17,17,0.30357142857142855,62,6,6,0.10714285714285714,59,3,3,0.05357142857142857
99,103,4,4,0.04040404040404041,100,1,1,0.010101010101010102,117,18,18,0.18181818181818182,106,7,7,0.0707070707070707,110,11,11,0.1111111111111111,101,2,2,0.020202020202020204,106,7,7,0.0707070707070707,101,2,2,0.020202020202020204,105,6,6,0.06060606060606061
258,277,19,19,0.07364341085271318,294,36,36,0.13953488372093023,302,44,44,0.17054263565891473,285,27,27,0.10465116279069768,300,42,42,0.16279069767441862,305,47,47,0.1821705426356589,313,55,55,0.2131782945736434,277,19,19,0.07364341085271318,289,31,31,0.12015503875968993
84,107,23,23,0.27380952380952384,104,20,20,0.23809523809523808,110,26,26,0.30952380952380953,109,25,25,0.2976190476190476,101,17,17,0.20238095238095238,94,10,10,0.11904761904761904,125,41,41,0.4880952380952381,102,18,18,0.21428571428571427,104,20,20,0.23809523809523808
120,131,11,11,0.09166666666666666,139,19,19,0.15833333333333333,138,18,18,0.15,147,27,27,0.225,176,56,56,0.4666666666666667,132,12,12,0.1,149,29,29,0.24166666666666667,143,23,23,0.19166666666666668,170,50,50,0.4166666666666667
71,77,6,6,0.08450704225352113,96,25,25,0.352112676056338,98,27,27,0.38028169014084506,91,20,20,0.28169014084507044,100,29,29,0.4084507042253521,84,13,13,0.18309859154929578,80,9,9,0.1267605633802817,80,9,9,0.1267605633802817,88,17,17,0.23943661971830985
39,44,5,5,0.1282051282051282,44,5,5,0.1282051282051282,45,6,6,0.15384615384615385,44,5,5,0.1282051282051282,50,11,11,0.28205128205128205,55,16,16,0.41025641025641024,24,-15,15,0.38461538461538464,43,4,4,0.10256410256410256,56,17,17,0.4358974358974359
87,74,-13,13,0.14942528735632185,68,-19,19,0.21839080459770116,79,-8,8,0.09195402298850575,78,-9,9,0.10344827586206896,79,-8,8,0.09195402298850575,81,-6,6,0.06896551724137931,83,-4,4,0.04597701149425287,90,3,3,0.034482758620689655,79,-8,8,0.09195402298850575
32,43,11,11,0.34375,43,11,11,0.34375,38,6,6,0.1875,43,11,11,0.34375,37,5,5,0.15625,33,1,1,0.03125,34,2,2,0.0625,43,11,11,0.34375,38,6,6,0.1875
156,137,-19,19,0.12179487179487179,183,27,27,0.17307692307692307,183,27,27,0.17307692307692307,166,10,10,0.0641025641025641,173,17,17,0.10897435897435898,158,2,2,0.01282051282051282,150,-6,6,0.038461538461538464,175,19,19,0.12179487179487179,163,7,7,0.04487179487179487
46,47,1,1,0.021739130434782608,53,7,7,0.15217391304347827,43,-3,3,0.06521739130434782,46,0,0,0.0,42,-4,4,0.08695652173913043,47,1,1,0.021739130434782608,59,13,13,0.2826086956521739,45,-1,1,0.021739130434782608,42,-4,4,0.08695652173913043
68,83,15,15,0.22058823529411764,81,13,13,0.19117647058823528,76,8,8,0.11764705882352941,72,4,4,0.058823529411764705,72,4,4,0.058823529411764705,76,8,8,0.11764705882352941,71,3,3,0.04411764705882353,70,2,2,0.029411764705882353,59,-9,9,0.1323529411764706
