len_src,        len_ht,diff_ht,absdiff_ht,nabsdiff_ht,        len_pesmt1,diff_pesmt1,absdiff_pesmt1,nabsdiff_pesmt1,        len_pesmt2,diff_pesmt2,absdiff_pesmt2,nabsdiff_pesmt2,        len_perbmt1,diff_perbmt1,absdiff_perbmt1,nabsdiff_perbmt1,        len_perbmt2,diff_perbmt2,absdiff_perbmt2,nabsdiff_perbmt2,        len_smt1,diff_smt1,absdiff_smt1,nabsdiff_smt1,        len_smt2,diff_smt2,absdiff_smt2,nabsdiff_smt2,        len_rbmt1,diff_rbmt1,absdiff_rbmt1,nabsdiff_rbmt1,        len_rbmt2,diff_rbmt2,absdiff_rbmt2,nabsdiff_rbmt2        
237,174,-63,63,0.26582278481012656,222,-15,15,0.06329113924050633,226,-11,11,0.046413502109704644,250,13,13,0.05485232067510549,246,9,9,0.0379746835443038,235,-2,2,0.008438818565400843,237,0,0,0.0,251,14,14,0.05907172995780591,247,10,10,0.04219409282700422
257,227,-30,30,0.11673151750972763,237,-20,20,0.07782101167315175,232,-25,25,0.09727626459143969,258,1,1,0.0038910505836575876,239,-18,18,0.07003891050583658,241,-16,16,0.0622568093385214,245,-12,12,0.04669260700389105,240,-17,17,0.06614785992217899,255,-2,2,0.007782101167315175
210,193,-17,17,0.08095238095238096,181,-29,29,0.1380952380952381,182,-28,28,0.13333333333333333,198,-12,12,0.05714285714285714,194,-16,16,0.0761904761904762,177,-33,33,0.15714285714285714,170,-40,40,0.19047619047619047,200,-10,10,0.047619047619047616,190,-20,20,0.09523809523809523
117,101,-16,16,0.13675213675213677,109,-8,8,0.06837606837606838,93,-24,24,0.20512820512820512,116,-1,1,0.008547008547008548,106,-11,11,0.09401709401709402,100,-17,17,0.1452991452991453,89,-28,28,0.23931623931623933,118,1,1,0.008547008547008548,100,-17,17,0.1452991452991453
30,22,-8,8,0.26666666666666666,26,-4,4,0.13333333333333333,28,-2,2,0.06666666666666667,28,-2,2,0.06666666666666667,31,1,1,0.03333333333333333,26,-4,4,0.13333333333333333,21,-9,9,0.3,26,-4,4,0.13333333333333333,29,-1,1,0.03333333333333333
23,22,-1,1,0.043478260869565216,18,-5,5,0.21739130434782608,18,-5,5,0.21739130434782608,18,-5,5,0.21739130434782608,22,-1,1,0.043478260869565216,22,-1,1,0.043478260869565216,22,-1,1,0.043478260869565216,22,-1,1,0.043478260869565216,26,3,3,0.13043478260869565
18,26,8,8,0.4444444444444444,9,-9,9,0.5,9,-9,9,0.5,9,-9,9,0.5,13,-5,5,0.2777777777777778,13,-5,5,0.2777777777777778,13,-5,5,0.2777777777777778,21,3,3,0.16666666666666666,13,-5,5,0.2777777777777778
150,140,-10,10,0.06666666666666667,144,-6,6,0.04,147,-3,3,0.02,141,-9,9,0.06,150,0,0,0.0,159,9,9,0.06,143,-7,7,0.04666666666666667,155,5,5,0.03333333333333333,154,4,4,0.02666666666666667
95,93,-2,2,0.021052631578947368,80,-15,15,0.15789473684210525,85,-10,10,0.10526315789473684,90,-5,5,0.05263157894736842,93,-2,2,0.021052631578947368,80,-15,15,0.15789473684210525,79,-16,16,0.16842105263157894,88,-7,7,0.07368421052631578,93,-2,2,0.021052631578947368
130,87,-43,43,0.33076923076923076,91,-39,39,0.3,101,-29,29,0.2230769230769231,92,-38,38,0.2923076923076923,101,-29,29,0.2230769230769231,84,-46,46,0.35384615384615387,90,-40,40,0.3076923076923077,88,-42,42,0.3230769230769231,105,-25,25,0.19230769230769232
154,137,-17,17,0.11038961038961038,150,-4,4,0.025974025974025976,149,-5,5,0.032467532467532464,152,-2,2,0.012987012987012988,139,-15,15,0.09740259740259741,148,-6,6,0.03896103896103896,144,-10,10,0.06493506493506493,153,-1,1,0.006493506493506494,143,-11,11,0.07142857142857142
131,107,-24,24,0.183206106870229,131,0,0,0.0,134,3,3,0.022900763358778626,135,4,4,0.030534351145038167,126,-5,5,0.03816793893129771,113,-18,18,0.13740458015267176,135,4,4,0.030534351145038167,140,9,9,0.06870229007633588,125,-6,6,0.04580152671755725
61,46,-15,15,0.2459016393442623,46,-15,15,0.2459016393442623,44,-17,17,0.2786885245901639,44,-17,17,0.2786885245901639,44,-17,17,0.2786885245901639,46,-15,15,0.2459016393442623,46,-15,15,0.2459016393442623,48,-13,13,0.21311475409836064,48,-13,13,0.21311475409836064
339,249,-90,90,0.26548672566371684,297,-42,42,0.12389380530973451,305,-34,34,0.10029498525073746,293,-46,46,0.13569321533923304,310,-29,29,0.0855457227138643,285,-54,54,0.1592920353982301,274,-65,65,0.19174041297935104,296,-43,43,0.12684365781710916,312,-27,27,0.07964601769911504
86,72,-14,14,0.16279069767441862,84,-2,2,0.023255813953488372,107,21,21,0.2441860465116279,86,0,0,0.0,86,0,0,0.0,80,-6,6,0.06976744186046512,98,12,12,0.13953488372093023,88,2,2,0.023255813953488372,85,-1,1,0.011627906976744186
95,82,-13,13,0.1368421052631579,88,-7,7,0.07368421052631578,89,-6,6,0.06315789473684211,93,-2,2,0.021052631578947368,100,5,5,0.05263157894736842,65,-30,30,0.3157894736842105,76,-19,19,0.2,91,-4,4,0.042105263157894736,86,-9,9,0.09473684210526316
32,29,-3,3,0.09375,30,-2,2,0.0625,22,-10,10,0.3125,35,3,3,0.09375,33,1,1,0.03125,30,-2,2,0.0625,22,-10,10,0.3125,34,2,2,0.0625,30,-2,2,0.0625
162,135,-27,27,0.16666666666666666,143,-19,19,0.11728395061728394,126,-36,36,0.2222222222222222,140,-22,22,0.13580246913580246,155,-7,7,0.043209876543209874,138,-24,24,0.14814814814814814,132,-30,30,0.18518518518518517,157,-5,5,0.030864197530864196,154,-8,8,0.04938271604938271
189,208,19,19,0.10052910052910052,179,-10,10,0.05291005291005291,193,4,4,0.021164021164021163,192,3,3,0.015873015873015872,183,-6,6,0.031746031746031744,179,-10,10,0.05291005291005291,185,-4,4,0.021164021164021163,170,-19,19,0.10052910052910052,180,-9,9,0.047619047619047616
178,133,-45,45,0.25280898876404495,163,-15,15,0.08426966292134831,159,-19,19,0.10674157303370786,182,4,4,0.02247191011235955,176,-2,2,0.011235955056179775,172,-6,6,0.033707865168539325,159,-19,19,0.10674157303370786,174,-4,4,0.02247191011235955,164,-14,14,0.07865168539325842
80,58,-22,22,0.275,72,-8,8,0.1,98,18,18,0.225,93,13,13,0.1625,89,9,9,0.1125,88,8,8,0.1,86,6,6,0.075,97,17,17,0.2125,92,12,12,0.15
147,121,-26,26,0.17687074829931973,151,4,4,0.027210884353741496,149,2,2,0.013605442176870748,157,10,10,0.06802721088435375,150,3,3,0.02040816326530612,135,-12,12,0.08163265306122448,137,-10,10,0.06802721088435375,158,11,11,0.07482993197278912,149,2,2,0.013605442176870748
239,200,-39,39,0.16317991631799164,200,-39,39,0.16317991631799164,192,-47,47,0.19665271966527198,206,-33,33,0.13807531380753138,218,-21,21,0.08786610878661087,191,-48,48,0.200836820083682,183,-56,56,0.23430962343096234,222,-17,17,0.07112970711297072,223,-16,16,0.06694560669456066
87,62,-25,25,0.28735632183908044,68,-19,19,0.21839080459770116,71,-16,16,0.1839080459770115,81,-6,6,0.06896551724137931,70,-17,17,0.19540229885057472,69,-18,18,0.20689655172413793,60,-27,27,0.3103448275862069,75,-12,12,0.13793103448275862,75,-12,12,0.13793103448275862
312,234,-78,78,0.25,279,-33,33,0.10576923076923077,300,-12,12,0.038461538461538464,293,-19,19,0.060897435897435896,270,-42,42,0.1346153846153846,275,-37,37,0.11858974358974358,282,-30,30,0.09615384615384616,284,-28,28,0.08974358974358974,278,-34,34,0.10897435897435898
28,29,1,1,0.03571428571428571,31,3,3,0.10714285714285714,32,4,4,0.14285714285714285,32,4,4,0.14285714285714285,27,-1,1,0.03571428571428571,26,-2,2,0.07142857142857142,32,4,4,0.14285714285714285,30,2,2,0.07142857142857142,27,-1,1,0.03571428571428571
71,46,-25,25,0.352112676056338,57,-14,14,0.19718309859154928,62,-9,9,0.1267605633802817,56,-15,15,0.2112676056338028,55,-16,16,0.22535211267605634,65,-6,6,0.08450704225352113,52,-19,19,0.2676056338028169,59,-12,12,0.16901408450704225,58,-13,13,0.18309859154929578
83,83,0,0,0.0,79,-4,4,0.04819277108433735,88,5,5,0.060240963855421686,94,11,11,0.13253012048192772,94,11,11,0.13253012048192772,76,-7,7,0.08433734939759036,77,-6,6,0.07228915662650602,86,3,3,0.03614457831325301,86,3,3,0.03614457831325301
205,203,-2,2,0.00975609756097561,184,-21,21,0.1024390243902439,182,-23,23,0.11219512195121951,189,-16,16,0.07804878048780488,200,-5,5,0.024390243902439025,176,-29,29,0.14146341463414633,175,-30,30,0.14634146341463414,212,7,7,0.03414634146341464,198,-7,7,0.03414634146341464
96,74,-22,22,0.22916666666666666,77,-19,19,0.19791666666666666,84,-12,12,0.125,86,-10,10,0.10416666666666667,86,-10,10,0.10416666666666667,68,-28,28,0.2916666666666667,82,-14,14,0.14583333333333334,80,-16,16,0.16666666666666666,86,-10,10,0.10416666666666667
254,227,-27,27,0.1062992125984252,246,-8,8,0.031496062992125984,245,-9,9,0.03543307086614173,258,4,4,0.015748031496062992,241,-13,13,0.051181102362204724,241,-13,13,0.051181102362204724,248,-6,6,0.023622047244094488,260,6,6,0.023622047244094488,251,-3,3,0.011811023622047244
233,138,-95,95,0.40772532188841204,190,-43,43,0.18454935622317598,172,-61,61,0.26180257510729615,187,-46,46,0.19742489270386265,196,-37,37,0.15879828326180256,196,-37,37,0.15879828326180256,187,-46,46,0.19742489270386265,213,-20,20,0.08583690987124463,213,-20,20,0.08583690987124463
183,153,-30,30,0.16393442622950818,170,-13,13,0.07103825136612021,171,-12,12,0.06557377049180328,174,-9,9,0.04918032786885246,191,8,8,0.04371584699453552,164,-19,19,0.10382513661202186,166,-17,17,0.09289617486338798,175,-8,8,0.04371584699453552,181,-2,2,0.01092896174863388
144,120,-24,24,0.16666666666666666,132,-12,12,0.08333333333333333,136,-8,8,0.05555555555555555,149,5,5,0.034722222222222224,139,-5,5,0.034722222222222224,137,-7,7,0.04861111111111111,125,-19,19,0.13194444444444445,136,-8,8,0.05555555555555555,139,-5,5,0.034722222222222224
259,213,-46,46,0.1776061776061776,234,-25,25,0.09652509652509653,247,-12,12,0.04633204633204633,246,-13,13,0.05019305019305019,241,-18,18,0.0694980694980695,241,-18,18,0.0694980694980695,247,-12,12,0.04633204633204633,251,-8,8,0.03088803088803089,237,-22,22,0.08494208494208494
215,153,-62,62,0.28837209302325584,181,-34,34,0.15813953488372093,186,-29,29,0.13488372093023257,207,-8,8,0.037209302325581395,196,-19,19,0.08837209302325581,176,-39,39,0.1813953488372093,190,-25,25,0.11627906976744186,217,2,2,0.009302325581395349,197,-18,18,0.08372093023255814
160,133,-27,27,0.16875,150,-10,10,0.0625,146,-14,14,0.0875,145,-15,15,0.09375,146,-14,14,0.0875,136,-24,24,0.15,144,-16,16,0.1,135,-25,25,0.15625,145,-15,15,0.09375
82,85,3,3,0.036585365853658534,82,0,0,0.0,82,0,0,0.0,79,-3,3,0.036585365853658534,79,-3,3,0.036585365853658534,80,-2,2,0.024390243902439025,77,-5,5,0.06097560975609756,77,-5,5,0.06097560975609756,77,-5,5,0.06097560975609756
105,73,-32,32,0.3047619047619048,88,-17,17,0.1619047619047619,84,-21,21,0.2,94,-11,11,0.10476190476190476,93,-12,12,0.11428571428571428,89,-16,16,0.1523809523809524,98,-7,7,0.06666666666666667,93,-12,12,0.11428571428571428,93,-12,12,0.11428571428571428
249,202,-47,47,0.18875502008032127,203,-46,46,0.18473895582329317,214,-35,35,0.14056224899598393,223,-26,26,0.10441767068273092,201,-48,48,0.1927710843373494,206,-43,43,0.17269076305220885,205,-44,44,0.17670682730923695,217,-32,32,0.1285140562248996,215,-34,34,0.13654618473895583
125,105,-20,20,0.16,125,0,0,0.0,128,3,3,0.024,122,-3,3,0.024,121,-4,4,0.032,128,3,3,0.024,126,1,1,0.008,122,-3,3,0.024,118,-7,7,0.056
120,73,-47,47,0.39166666666666666,113,-7,7,0.058333333333333334,118,-2,2,0.016666666666666666,119,-1,1,0.008333333333333333,116,-4,4,0.03333333333333333,107,-13,13,0.10833333333333334,115,-5,5,0.041666666666666664,126,6,6,0.05,110,-10,10,0.08333333333333333
136,143,7,7,0.051470588235294115,135,-1,1,0.007352941176470588,139,3,3,0.022058823529411766,139,3,3,0.022058823529411766,136,0,0,0.0,122,-14,14,0.10294117647058823,122,-14,14,0.10294117647058823,142,6,6,0.04411764705882353,140,4,4,0.029411764705882353
100,60,-40,40,0.4,83,-17,17,0.17,81,-19,19,0.19,82,-18,18,0.18,81,-19,19,0.19,83,-17,17,0.17,87,-13,13,0.13,80,-20,20,0.2,80,-20,20,0.2
124,104,-20,20,0.16129032258064516,123,-1,1,0.008064516129032258,115,-9,9,0.07258064516129033,114,-10,10,0.08064516129032258,122,-2,2,0.016129032258064516,127,3,3,0.024193548387096774,112,-12,12,0.0967741935483871,121,-3,3,0.024193548387096774,117,-7,7,0.056451612903225805
119,129,10,10,0.08403361344537816,104,-15,15,0.12605042016806722,104,-15,15,0.12605042016806722,124,5,5,0.04201680672268908,117,-2,2,0.01680672268907563,104,-15,15,0.12605042016806722,104,-15,15,0.12605042016806722,122,3,3,0.025210084033613446,128,9,9,0.07563025210084033
110,69,-41,41,0.37272727272727274,78,-32,32,0.2909090909090909,81,-29,29,0.2636363636363636,110,0,0,0.0,111,1,1,0.00909090909090909,82,-28,28,0.2545454545454545,75,-35,35,0.3181818181818182,115,5,5,0.045454545454545456,114,4,4,0.03636363636363636
152,127,-25,25,0.16447368421052633,135,-17,17,0.1118421052631579,116,-36,36,0.23684210526315788,140,-12,12,0.07894736842105263,132,-20,20,0.13157894736842105,133,-19,19,0.125,116,-36,36,0.23684210526315788,140,-12,12,0.07894736842105263,137,-15,15,0.09868421052631579
92,99,7,7,0.07608695652173914,82,-10,10,0.10869565217391304,80,-12,12,0.13043478260869565,92,0,0,0.0,76,-16,16,0.17391304347826086,65,-27,27,0.29347826086956524,76,-16,16,0.17391304347826086,98,6,6,0.06521739130434782,102,10,10,0.10869565217391304
20,19,-1,1,0.05,19,-1,1,0.05,19,-1,1,0.05,19,-1,1,0.05,19,-1,1,0.05,17,-3,3,0.15,17,-3,3,0.15,17,-3,3,0.15,17,-3,3,0.15
158,134,-24,24,0.1518987341772152,135,-23,23,0.14556962025316456,141,-17,17,0.10759493670886076,145,-13,13,0.08227848101265822,134,-24,24,0.1518987341772152,134,-24,24,0.1518987341772152,115,-43,43,0.2721518987341772,156,-2,2,0.012658227848101266,152,-6,6,0.0379746835443038
77,104,27,27,0.35064935064935066,72,-5,5,0.06493506493506493,75,-2,2,0.025974025974025976,74,-3,3,0.03896103896103896,65,-12,12,0.15584415584415584,90,13,13,0.16883116883116883,68,-9,9,0.11688311688311688,77,0,0,0.0,63,-14,14,0.18181818181818182
46,45,-1,1,0.021739130434782608,39,-7,7,0.15217391304347827,39,-7,7,0.15217391304347827,39,-7,7,0.15217391304347827,39,-7,7,0.15217391304347827,40,-6,6,0.13043478260869565,43,-3,3,0.06521739130434782,37,-9,9,0.1956521739130435,39,-7,7,0.15217391304347827
212,161,-51,51,0.24056603773584906,184,-28,28,0.1320754716981132,168,-44,44,0.20754716981132076,180,-32,32,0.1509433962264151,190,-22,22,0.10377358490566038,172,-40,40,0.18867924528301888,157,-55,55,0.25943396226415094,201,-11,11,0.05188679245283019,185,-27,27,0.12735849056603774
101,84,-17,17,0.16831683168316833,112,11,11,0.10891089108910891,112,11,11,0.10891089108910891,115,14,14,0.13861386138613863,110,9,9,0.0891089108910891,105,4,4,0.039603960396039604,99,-2,2,0.019801980198019802,103,2,2,0.019801980198019802,103,2,2,0.019801980198019802
232,181,-51,51,0.21982758620689655,196,-36,36,0.15517241379310345,207,-25,25,0.10775862068965517,241,9,9,0.03879310344827586,231,-1,1,0.004310344827586207,202,-30,30,0.12931034482758622,208,-24,24,0.10344827586206896,241,9,9,0.03879310344827586,232,0,0,0.0
131,92,-39,39,0.29770992366412213,122,-9,9,0.06870229007633588,124,-7,7,0.05343511450381679,113,-18,18,0.13740458015267176,118,-13,13,0.09923664122137404,123,-8,8,0.061068702290076333,125,-6,6,0.04580152671755725,121,-10,10,0.07633587786259542,130,-1,1,0.007633587786259542
170,126,-44,44,0.25882352941176473,139,-31,31,0.18235294117647058,133,-37,37,0.21764705882352942,138,-32,32,0.18823529411764706,137,-33,33,0.19411764705882353,125,-45,45,0.2647058823529412,119,-51,51,0.3,138,-32,32,0.18823529411764706,171,1,1,0.0058823529411764705
62,49,-13,13,0.20967741935483872,50,-12,12,0.1935483870967742,44,-18,18,0.2903225806451613,53,-9,9,0.14516129032258066,54,-8,8,0.12903225806451613,51,-11,11,0.1774193548387097,40,-22,22,0.3548387096774194,53,-9,9,0.14516129032258066,54,-8,8,0.12903225806451613
323,217,-106,106,0.3281733746130031,253,-70,70,0.21671826625386997,256,-67,67,0.20743034055727555,292,-31,31,0.09597523219814241,246,-77,77,0.23839009287925697,269,-54,54,0.16718266253869968,272,-51,51,0.15789473684210525,320,-3,3,0.009287925696594427,299,-24,24,0.07430340557275542
226,183,-43,43,0.1902654867256637,206,-20,20,0.08849557522123894,161,-65,65,0.28761061946902655,205,-21,21,0.09292035398230089,194,-32,32,0.1415929203539823,169,-57,57,0.252212389380531,152,-74,74,0.3274336283185841,228,2,2,0.008849557522123894,197,-29,29,0.12831858407079647
90,68,-22,22,0.24444444444444444,66,-24,24,0.26666666666666666,64,-26,26,0.28888888888888886,77,-13,13,0.14444444444444443,62,-28,28,0.3111111111111111,77,-13,13,0.14444444444444443,71,-19,19,0.2111111111111111,80,-10,10,0.1111111111111111,65,-25,25,0.2777777777777778
130,123,-7,7,0.05384615384615385,121,-9,9,0.06923076923076923,124,-6,6,0.046153846153846156,127,-3,3,0.023076923076923078,130,0,0,0.0,113,-17,17,0.13076923076923078,105,-25,25,0.19230769230769232,131,1,1,0.007692307692307693,131,1,1,0.007692307692307693
99,78,-21,21,0.21212121212121213,71,-28,28,0.2828282828282828,90,-9,9,0.09090909090909091,70,-29,29,0.29292929292929293,102,3,3,0.030303030303030304,77,-22,22,0.2222222222222222,84,-15,15,0.15151515151515152,77,-22,22,0.2222222222222222,98,-1,1,0.010101010101010102
109,99,-10,10,0.09174311926605505,100,-9,9,0.08256880733944955,93,-16,16,0.14678899082568808,117,8,8,0.07339449541284404,113,4,4,0.03669724770642202,93,-16,16,0.14678899082568808,84,-25,25,0.22935779816513763,112,3,3,0.027522935779816515,114,5,5,0.045871559633027525
90,42,-48,48,0.5333333333333333,77,-13,13,0.14444444444444443,80,-10,10,0.1111111111111111,76,-14,14,0.15555555555555556,77,-13,13,0.14444444444444443,73,-17,17,0.18888888888888888,78,-12,12,0.13333333333333333,79,-11,11,0.12222222222222222,82,-8,8,0.08888888888888889
88,60,-28,28,0.3181818181818182,81,-7,7,0.07954545454545454,85,-3,3,0.03409090909090909,81,-7,7,0.07954545454545454,87,-1,1,0.011363636363636364,82,-6,6,0.06818181818181818,81,-7,7,0.07954545454545454,88,0,0,0.0,96,8,8,0.09090909090909091
113,82,-31,31,0.2743362831858407,90,-23,23,0.20353982300884957,88,-25,25,0.22123893805309736,102,-11,11,0.09734513274336283,104,-9,9,0.07964601769911504,100,-13,13,0.11504424778761062,99,-14,14,0.12389380530973451,99,-14,14,0.12389380530973451,104,-9,9,0.07964601769911504
182,172,-10,10,0.054945054945054944,175,-7,7,0.038461538461538464,146,-36,36,0.1978021978021978,162,-20,20,0.10989010989010989,168,-14,14,0.07692307692307693,175,-7,7,0.038461538461538464,156,-26,26,0.14285714285714285,164,-18,18,0.0989010989010989,181,-1,1,0.005494505494505495
315,256,-59,59,0.1873015873015873,275,-40,40,0.12698412698412698,302,-13,13,0.04126984126984127,323,8,8,0.025396825396825397,309,-6,6,0.01904761904761905,269,-46,46,0.14603174603174604,260,-55,55,0.1746031746031746,316,1,1,0.0031746031746031746,301,-14,14,0.044444444444444446
90,77,-13,13,0.14444444444444443,80,-10,10,0.1111111111111111,84,-6,6,0.06666666666666667,80,-10,10,0.1111111111111111,93,3,3,0.03333333333333333,71,-19,19,0.2111111111111111,85,-5,5,0.05555555555555555,80,-10,10,0.1111111111111111,89,-1,1,0.011111111111111112
114,95,-19,19,0.16666666666666666,106,-8,8,0.07017543859649122,119,5,5,0.043859649122807015,121,7,7,0.06140350877192982,107,-7,7,0.06140350877192982,109,-5,5,0.043859649122807015,101,-13,13,0.11403508771929824,105,-9,9,0.07894736842105263,114,0,0,0.0
144,104,-40,40,0.2777777777777778,136,-8,8,0.05555555555555555,148,4,4,0.027777777777777776,134,-10,10,0.06944444444444445,139,-5,5,0.034722222222222224,146,2,2,0.013888888888888888,138,-6,6,0.041666666666666664,142,-2,2,0.013888888888888888,146,2,2,0.013888888888888888
117,121,4,4,0.03418803418803419,110,-7,7,0.05982905982905983,102,-15,15,0.1282051282051282,100,-17,17,0.1452991452991453,113,-4,4,0.03418803418803419,116,-1,1,0.008547008547008548,113,-4,4,0.03418803418803419,118,1,1,0.008547008547008548,115,-2,2,0.017094017094017096
62,49,-13,13,0.20967741935483872,54,-8,8,0.12903225806451613,53,-9,9,0.14516129032258066,55,-7,7,0.11290322580645161,55,-7,7,0.11290322580645161,54,-8,8,0.12903225806451613,53,-9,9,0.14516129032258066,53,-9,9,0.14516129032258066,55,-7,7,0.11290322580645161
27,31,4,4,0.14814814814814814,31,4,4,0.14814814814814814,31,4,4,0.14814814814814814,31,4,4,0.14814814814814814,32,5,5,0.18518518518518517,30,3,3,0.1111111111111111,20,-7,7,0.25925925925925924,31,4,4,0.14814814814814814,32,5,5,0.18518518518518517
122,87,-35,35,0.28688524590163933,117,-5,5,0.040983606557377046,106,-16,16,0.13114754098360656,139,17,17,0.13934426229508196,114,-8,8,0.06557377049180328,120,-2,2,0.01639344262295082,98,-24,24,0.19672131147540983,124,2,2,0.01639344262295082,119,-3,3,0.02459016393442623
141,112,-29,29,0.20567375886524822,106,-35,35,0.24822695035460993,118,-23,23,0.16312056737588654,131,-10,10,0.07092198581560284,116,-25,25,0.1773049645390071,115,-26,26,0.18439716312056736,121,-20,20,0.14184397163120568,129,-12,12,0.0851063829787234,135,-6,6,0.0425531914893617
114,109,-5,5,0.043859649122807015,104,-10,10,0.08771929824561403,116,2,2,0.017543859649122806,114,0,0,0.0,137,23,23,0.20175438596491227,104,-10,10,0.08771929824561403,104,-10,10,0.08771929824561403,114,0,0,0.0,126,12,12,0.10526315789473684
130,136,6,6,0.046153846153846156,115,-15,15,0.11538461538461539,113,-17,17,0.13076923076923078,122,-8,8,0.06153846153846154,122,-8,8,0.06153846153846154,109,-21,21,0.16153846153846155,126,-4,4,0.03076923076923077,126,-4,4,0.03076923076923077,137,7,7,0.05384615384615385
68,60,-8,8,0.11764705882352941,65,-3,3,0.04411764705882353,60,-8,8,0.11764705882352941,65,-3,3,0.04411764705882353,64,-4,4,0.058823529411764705,64,-4,4,0.058823529411764705,59,-9,9,0.1323529411764706,65,-3,3,0.04411764705882353,61,-7,7,0.10294117647058823
68,71,3,3,0.04411764705882353,80,12,12,0.17647058823529413,75,7,7,0.10294117647058823,78,10,10,0.14705882352941177,77,9,9,0.1323529411764706,80,12,12,0.17647058823529413,75,7,7,0.10294117647058823,78,10,10,0.14705882352941177,76,8,8,0.11764705882352941
67,74,7,7,0.1044776119402985,55,-12,12,0.1791044776119403,61,-6,6,0.08955223880597014,64,-3,3,0.04477611940298507,61,-6,6,0.08955223880597014,55,-12,12,0.1791044776119403,43,-24,24,0.3582089552238806,68,1,1,0.014925373134328358,63,-4,4,0.05970149253731343
156,163,7,7,0.04487179487179487,138,-18,18,0.11538461538461539,148,-8,8,0.05128205128205128,137,-19,19,0.12179487179487179,144,-12,12,0.07692307692307693,127,-29,29,0.1858974358974359,125,-31,31,0.1987179487179487,157,1,1,0.00641025641025641,149,-7,7,0.04487179487179487
186,139,-47,47,0.25268817204301075,156,-30,30,0.16129032258064516,182,-4,4,0.021505376344086023,184,-2,2,0.010752688172043012,214,28,28,0.15053763440860216,174,-12,12,0.06451612903225806,189,3,3,0.016129032258064516,185,-1,1,0.005376344086021506,192,6,6,0.03225806451612903
210,171,-39,39,0.18571428571428572,187,-23,23,0.10952380952380952,165,-45,45,0.21428571428571427,193,-17,17,0.08095238095238096,185,-25,25,0.11904761904761904,187,-23,23,0.10952380952380952,178,-32,32,0.1523809523809524,194,-16,16,0.0761904761904762,190,-20,20,0.09523809523809523
88,86,-2,2,0.022727272727272728,74,-14,14,0.1590909090909091,93,5,5,0.056818181818181816,91,3,3,0.03409090909090909,86,-2,2,0.022727272727272728,80,-8,8,0.09090909090909091,84,-4,4,0.045454545454545456,91,3,3,0.03409090909090909,88,0,0,0.0
367,322,-45,45,0.1226158038147139,346,-21,21,0.05722070844686648,320,-47,47,0.12806539509536785,330,-37,37,0.1008174386920981,360,-7,7,0.01907356948228883,335,-32,32,0.08719346049046321,315,-52,52,0.14168937329700274,346,-21,21,0.05722070844686648,349,-18,18,0.04904632152588556
76,67,-9,9,0.11842105263157894,67,-9,9,0.11842105263157894,58,-18,18,0.23684210526315788,69,-7,7,0.09210526315789473,78,2,2,0.02631578947368421,66,-10,10,0.13157894736842105,56,-20,20,0.2631578947368421,67,-9,9,0.11842105263157894,69,-7,7,0.09210526315789473
105,100,-5,5,0.047619047619047616,95,-10,10,0.09523809523809523,99,-6,6,0.05714285714285714,107,2,2,0.01904761904761905,106,1,1,0.009523809523809525,99,-6,6,0.05714285714285714,105,0,0,0.0,111,6,6,0.05714285714285714,102,-3,3,0.02857142857142857
106,83,-23,23,0.2169811320754717,112,6,6,0.05660377358490566,101,-5,5,0.04716981132075472,107,1,1,0.009433962264150943,114,8,8,0.07547169811320754,114,8,8,0.07547169811320754,101,-5,5,0.04716981132075472,116,10,10,0.09433962264150944,122,16,16,0.1509433962264151
74,59,-15,15,0.20270270270270271,90,16,16,0.21621621621621623,63,-11,11,0.14864864864864866,72,-2,2,0.02702702702702703,82,8,8,0.10810810810810811,73,-1,1,0.013513513513513514,45,-29,29,0.3918918918918919,70,-4,4,0.05405405405405406,77,3,3,0.04054054054054054
191,158,-33,33,0.17277486910994763,161,-30,30,0.15706806282722513,155,-36,36,0.18848167539267016,151,-40,40,0.2094240837696335,159,-32,32,0.16753926701570682,154,-37,37,0.193717277486911,150,-41,41,0.21465968586387435,175,-16,16,0.08376963350785341,193,2,2,0.010471204188481676
91,66,-25,25,0.27472527472527475,78,-13,13,0.14285714285714285,85,-6,6,0.06593406593406594,80,-11,11,0.12087912087912088,82,-9,9,0.0989010989010989,81,-10,10,0.10989010989010989,84,-7,7,0.07692307692307693,91,0,0,0.0,97,6,6,0.06593406593406594
161,155,-6,6,0.037267080745341616,157,-4,4,0.024844720496894408,142,-19,19,0.11801242236024845,175,14,14,0.08695652173913043,165,4,4,0.024844720496894408,143,-18,18,0.11180124223602485,122,-39,39,0.2422360248447205,178,17,17,0.10559006211180125,170,9,9,0.055900621118012424
47,39,-8,8,0.1702127659574468,51,4,4,0.0851063829787234,51,4,4,0.0851063829787234,54,7,7,0.14893617021276595,57,10,10,0.2127659574468085,49,2,2,0.0425531914893617,51,4,4,0.0851063829787234,48,1,1,0.02127659574468085,51,4,4,0.0851063829787234
217,169,-48,48,0.22119815668202766,183,-34,34,0.15668202764976957,191,-26,26,0.11981566820276497,210,-7,7,0.03225806451612903,215,-2,2,0.009216589861751152,190,-27,27,0.12442396313364056,182,-35,35,0.16129032258064516,220,3,3,0.013824884792626729,208,-9,9,0.041474654377880185
210,189,-21,21,0.1,188,-22,22,0.10476190476190476,190,-20,20,0.09523809523809523,220,10,10,0.047619047619047616,230,20,20,0.09523809523809523,167,-43,43,0.20476190476190476,184,-26,26,0.12380952380952381,209,-1,1,0.004761904761904762,229,19,19,0.09047619047619047
209,170,-39,39,0.18660287081339713,176,-33,33,0.15789473684210525,187,-22,22,0.10526315789473684,186,-23,23,0.11004784688995216,189,-20,20,0.09569377990430622,159,-50,50,0.23923444976076555,175,-34,34,0.16267942583732056,192,-17,17,0.08133971291866028,179,-30,30,0.14354066985645933
76,79,3,3,0.039473684210526314,89,13,13,0.17105263157894737,98,22,22,0.2894736842105263,87,11,11,0.14473684210526316,87,11,11,0.14473684210526316,85,9,9,0.11842105263157894,91,15,15,0.19736842105263158,82,6,6,0.07894736842105263,81,5,5,0.06578947368421052
166,102,-64,64,0.3855421686746988,136,-30,30,0.18072289156626506,149,-17,17,0.10240963855421686,154,-12,12,0.07228915662650602,170,4,4,0.024096385542168676,138,-28,28,0.1686746987951807,148,-18,18,0.10843373493975904,168,2,2,0.012048192771084338,152,-14,14,0.08433734939759036
90,76,-14,14,0.15555555555555556,79,-11,11,0.12222222222222222,81,-9,9,0.1,85,-5,5,0.05555555555555555,82,-8,8,0.08888888888888889,64,-26,26,0.28888888888888886,82,-8,8,0.08888888888888889,83,-7,7,0.07777777777777778,81,-9,9,0.1
380,327,-53,53,0.1394736842105263,318,-62,62,0.1631578947368421,345,-35,35,0.09210526315789473,361,-19,19,0.05,353,-27,27,0.07105263157894737,328,-52,52,0.1368421052631579,359,-21,21,0.05526315789473684,387,7,7,0.018421052631578946,384,4,4,0.010526315789473684
198,208,10,10,0.050505050505050504,168,-30,30,0.15151515151515152,175,-23,23,0.11616161616161616,193,-5,5,0.025252525252525252,172,-26,26,0.13131313131313133,175,-23,23,0.11616161616161616,164,-34,34,0.1717171717171717,205,7,7,0.03535353535353535,186,-12,12,0.06060606060606061
116,77,-39,39,0.33620689655172414,113,-3,3,0.02586206896551724,103,-13,13,0.11206896551724138,121,5,5,0.04310344827586207,119,3,3,0.02586206896551724,116,0,0,0.0,105,-11,11,0.09482758620689655,113,-3,3,0.02586206896551724,119,3,3,0.02586206896551724
177,141,-36,36,0.2033898305084746,158,-19,19,0.10734463276836158,162,-15,15,0.0847457627118644,175,-2,2,0.011299435028248588,159,-18,18,0.1016949152542373,173,-4,4,0.022598870056497175,161,-16,16,0.0903954802259887,167,-10,10,0.05649717514124294,157,-20,20,0.11299435028248588
125,132,7,7,0.056,105,-20,20,0.16,107,-18,18,0.144,134,9,9,0.072,135,10,10,0.08,111,-14,14,0.112,104,-21,21,0.168,125,0,0,0.0,116,-9,9,0.072
283,218,-65,65,0.22968197879858657,230,-53,53,0.1872791519434629,233,-50,50,0.17667844522968199,268,-15,15,0.053003533568904596,275,-8,8,0.028268551236749116,254,-29,29,0.10247349823321555,253,-30,30,0.10600706713780919,265,-18,18,0.0636042402826855,288,5,5,0.0176678445229682
105,99,-6,6,0.05714285714285714,106,1,1,0.009523809523809525,104,-1,1,0.009523809523809525,116,11,11,0.10476190476190476,112,7,7,0.06666666666666667,92,-13,13,0.12380952380952381,104,-1,1,0.009523809523809525,111,6,6,0.05714285714285714,103,-2,2,0.01904761904761905
120,111,-9,9,0.075,111,-9,9,0.075,117,-3,3,0.025,113,-7,7,0.058333333333333334,110,-10,10,0.08333333333333333,119,-1,1,0.008333333333333333,100,-20,20,0.16666666666666666,113,-7,7,0.058333333333333334,111,-9,9,0.075
236,163,-73,73,0.3093220338983051,170,-66,66,0.2796610169491525,156,-80,80,0.3389830508474576,198,-38,38,0.16101694915254236,226,-10,10,0.0423728813559322,189,-47,47,0.19915254237288135,175,-61,61,0.2584745762711864,205,-31,31,0.13135593220338984,240,4,4,0.01694915254237288
61,50,-11,11,0.18032786885245902,56,-5,5,0.08196721311475409,58,-3,3,0.04918032786885246,67,6,6,0.09836065573770492,78,17,17,0.2786885245901639,51,-10,10,0.16393442622950818,36,-25,25,0.4098360655737705,64,3,3,0.04918032786885246,59,-2,2,0.03278688524590164
353,309,-44,44,0.12464589235127478,305,-48,48,0.1359773371104816,314,-39,39,0.11048158640226628,309,-44,44,0.12464589235127478,329,-24,24,0.0679886685552408,298,-55,55,0.1558073654390935,298,-55,55,0.1558073654390935,312,-41,41,0.11614730878186968,324,-29,29,0.0821529745042493
85,68,-17,17,0.2,82,-3,3,0.03529411764705882,89,4,4,0.047058823529411764,78,-7,7,0.08235294117647059,81,-4,4,0.047058823529411764,82,-3,3,0.03529411764705882,79,-6,6,0.07058823529411765,78,-7,7,0.08235294117647059,84,-1,1,0.011764705882352941
156,96,-60,60,0.38461538461538464,123,-33,33,0.21153846153846154,127,-29,29,0.1858974358974359,128,-28,28,0.1794871794871795,122,-34,34,0.21794871794871795,129,-27,27,0.17307692307692307,114,-42,42,0.2692307692307692,133,-23,23,0.14743589743589744,133,-23,23,0.14743589743589744
238,192,-46,46,0.19327731092436976,223,-15,15,0.06302521008403361,230,-8,8,0.03361344537815126,216,-22,22,0.09243697478991597,219,-19,19,0.07983193277310924,182,-56,56,0.23529411764705882,192,-46,46,0.19327731092436976,209,-29,29,0.12184873949579832,204,-34,34,0.14285714285714285
96,51,-45,45,0.46875,80,-16,16,0.16666666666666666,73,-23,23,0.23958333333333334,84,-12,12,0.125,79,-17,17,0.17708333333333334,82,-14,14,0.14583333333333334,85,-11,11,0.11458333333333333,96,0,0,0.0,89,-7,7,0.07291666666666667
205,175,-30,30,0.14634146341463414,208,3,3,0.014634146341463415,193,-12,12,0.05853658536585366,219,14,14,0.06829268292682927,212,7,7,0.03414634146341464,189,-16,16,0.07804878048780488,191,-14,14,0.06829268292682927,195,-10,10,0.04878048780487805,213,8,8,0.03902439024390244
114,79,-35,35,0.30701754385964913,110,-4,4,0.03508771929824561,111,-3,3,0.02631578947368421,118,4,4,0.03508771929824561,123,9,9,0.07894736842105263,108,-6,6,0.05263157894736842,89,-25,25,0.21929824561403508,113,-1,1,0.008771929824561403,130,16,16,0.14035087719298245
214,233,19,19,0.08878504672897196,220,6,6,0.028037383177570093,201,-13,13,0.06074766355140187,246,32,32,0.14953271028037382,239,25,25,0.11682242990654206,230,16,16,0.07476635514018691,207,-7,7,0.03271028037383177,238,24,24,0.11214953271028037,238,24,24,0.11214953271028037
91,105,14,14,0.15384615384615385,95,4,4,0.04395604395604396,86,-5,5,0.054945054945054944,98,7,7,0.07692307692307693,97,6,6,0.06593406593406594,87,-4,4,0.04395604395604396,80,-11,11,0.12087912087912088,99,8,8,0.08791208791208792,95,4,4,0.04395604395604396
197,215,18,18,0.09137055837563451,184,-13,13,0.06598984771573604,170,-27,27,0.13705583756345177,216,19,19,0.09644670050761421,195,-2,2,0.01015228426395939,169,-28,28,0.14213197969543148,172,-25,25,0.12690355329949238,221,24,24,0.1218274111675127,197,0,0,0.0
136,147,11,11,0.08088235294117647,124,-12,12,0.08823529411764706,120,-16,16,0.11764705882352941,131,-5,5,0.03676470588235294,126,-10,10,0.07352941176470588,118,-18,18,0.1323529411764706,118,-18,18,0.1323529411764706,154,18,18,0.1323529411764706,133,-3,3,0.022058823529411766
72,58,-14,14,0.19444444444444445,74,2,2,0.027777777777777776,71,-1,1,0.013888888888888888,69,-3,3,0.041666666666666664,78,6,6,0.08333333333333333,50,-22,22,0.3055555555555556,49,-23,23,0.3194444444444444,77,5,5,0.06944444444444445,70,-2,2,0.027777777777777776
120,127,7,7,0.058333333333333334,132,12,12,0.1,131,11,11,0.09166666666666666,134,14,14,0.11666666666666667,148,28,28,0.23333333333333334,134,14,14,0.11666666666666667,126,6,6,0.05,126,6,6,0.05,138,18,18,0.15
48,59,11,11,0.22916666666666666,56,8,8,0.16666666666666666,56,8,8,0.16666666666666666,61,13,13,0.2708333333333333,56,8,8,0.16666666666666666,54,6,6,0.125,48,0,0,0.0,56,8,8,0.16666666666666666,46,-2,2,0.041666666666666664
116,82,-34,34,0.29310344827586204,102,-14,14,0.1206896551724138,102,-14,14,0.1206896551724138,115,-1,1,0.008620689655172414,103,-13,13,0.11206896551724138,101,-15,15,0.12931034482758622,102,-14,14,0.1206896551724138,121,5,5,0.04310344827586207,118,2,2,0.017241379310344827
132,110,-22,22,0.16666666666666666,114,-18,18,0.13636363636363635,114,-18,18,0.13636363636363635,113,-19,19,0.14393939393939395,127,-5,5,0.03787878787878788,100,-32,32,0.24242424242424243,103,-29,29,0.2196969696969697,131,-1,1,0.007575757575757576,132,0,0,0.0
91,90,-1,1,0.01098901098901099,80,-11,11,0.12087912087912088,87,-4,4,0.04395604395604396,94,3,3,0.03296703296703297,88,-3,3,0.03296703296703297,82,-9,9,0.0989010989010989,96,5,5,0.054945054945054944,89,-2,2,0.02197802197802198,93,2,2,0.02197802197802198
147,148,1,1,0.006802721088435374,148,1,1,0.006802721088435374,141,-6,6,0.04081632653061224,153,6,6,0.04081632653061224,147,0,0,0.0,113,-34,34,0.23129251700680273,116,-31,31,0.2108843537414966,135,-12,12,0.08163265306122448,152,5,5,0.034013605442176874
103,94,-9,9,0.08737864077669903,96,-7,7,0.06796116504854369,94,-9,9,0.08737864077669903,96,-7,7,0.06796116504854369,99,-4,4,0.038834951456310676,96,-7,7,0.06796116504854369,92,-11,11,0.10679611650485436,100,-3,3,0.02912621359223301,100,-3,3,0.02912621359223301
155,154,-1,1,0.0064516129032258064,163,8,8,0.05161290322580645,156,1,1,0.0064516129032258064,173,18,18,0.11612903225806452,165,10,10,0.06451612903225806,157,2,2,0.012903225806451613,154,-1,1,0.0064516129032258064,172,17,17,0.10967741935483871,167,12,12,0.07741935483870968
135,137,2,2,0.014814814814814815,129,-6,6,0.044444444444444446,122,-13,13,0.0962962962962963,123,-12,12,0.08888888888888889,118,-17,17,0.1259259259259259,115,-20,20,0.14814814814814814,115,-20,20,0.14814814814814814,131,-4,4,0.02962962962962963,118,-17,17,0.1259259259259259
120,119,-1,1,0.008333333333333333,113,-7,7,0.058333333333333334,107,-13,13,0.10833333333333334,129,9,9,0.075,127,7,7,0.058333333333333334,112,-8,8,0.06666666666666667,111,-9,9,0.075,133,13,13,0.10833333333333334,123,3,3,0.025
77,83,6,6,0.07792207792207792,82,5,5,0.06493506493506493,59,-18,18,0.23376623376623376,76,-1,1,0.012987012987012988,80,3,3,0.03896103896103896,72,-5,5,0.06493506493506493,64,-13,13,0.16883116883116883,78,1,1,0.012987012987012988,75,-2,2,0.025974025974025976
276,207,-69,69,0.25,251,-25,25,0.09057971014492754,248,-28,28,0.10144927536231885,237,-39,39,0.14130434782608695,248,-28,28,0.10144927536231885,254,-22,22,0.07971014492753623,258,-18,18,0.06521739130434782,236,-40,40,0.14492753623188406,251,-25,25,0.09057971014492754
95,113,18,18,0.18947368421052632,91,-4,4,0.042105263157894736,91,-4,4,0.042105263157894736,91,-4,4,0.042105263157894736,95,0,0,0.0,81,-14,14,0.14736842105263157,81,-14,14,0.14736842105263157,91,-4,4,0.042105263157894736,85,-10,10,0.10526315789473684
76,67,-9,9,0.11842105263157894,63,-13,13,0.17105263157894737,69,-7,7,0.09210526315789473,77,1,1,0.013157894736842105,64,-12,12,0.15789473684210525,58,-18,18,0.23684210526315788,49,-27,27,0.35526315789473684,75,-1,1,0.013157894736842105,72,-4,4,0.05263157894736842
111,109,-2,2,0.018018018018018018,75,-36,36,0.32432432432432434,77,-34,34,0.3063063063063063,102,-9,9,0.08108108108108109,92,-19,19,0.17117117117117117,76,-35,35,0.3153153153153153,71,-40,40,0.36036036036036034,108,-3,3,0.02702702702702703,98,-13,13,0.11711711711711711
50,38,-12,12,0.24,51,1,1,0.02,51,1,1,0.02,56,6,6,0.12,54,4,4,0.08,47,-3,3,0.06,47,-3,3,0.06,55,5,5,0.1,53,3,3,0.06
152,113,-39,39,0.2565789473684211,133,-19,19,0.125,129,-23,23,0.1513157894736842,143,-9,9,0.05921052631578947,142,-10,10,0.06578947368421052,135,-17,17,0.1118421052631579,137,-15,15,0.09868421052631579,139,-13,13,0.08552631578947369,144,-8,8,0.05263157894736842
146,150,4,4,0.0273972602739726,136,-10,10,0.0684931506849315,136,-10,10,0.0684931506849315,147,1,1,0.00684931506849315,154,8,8,0.0547945205479452,124,-22,22,0.1506849315068493,133,-13,13,0.08904109589041095,147,1,1,0.00684931506849315,157,11,11,0.07534246575342465
193,145,-48,48,0.24870466321243523,198,5,5,0.025906735751295335,205,12,12,0.06217616580310881,204,11,11,0.05699481865284974,211,18,18,0.09326424870466321,194,1,1,0.0051813471502590676,172,-21,21,0.10880829015544041,209,16,16,0.08290155440414508,197,4,4,0.02072538860103627
121,101,-20,20,0.1652892561983471,118,-3,3,0.024793388429752067,111,-10,10,0.08264462809917356,115,-6,6,0.049586776859504134,121,0,0,0.0,119,-2,2,0.01652892561983471,121,0,0,0.0,116,-5,5,0.04132231404958678,121,0,0,0.0
149,90,-59,59,0.3959731543624161,115,-34,34,0.22818791946308725,114,-35,35,0.2348993288590604,140,-9,9,0.06040268456375839,139,-10,10,0.06711409395973154,118,-31,31,0.2080536912751678,121,-28,28,0.18791946308724833,136,-13,13,0.087248322147651,139,-10,10,0.06711409395973154
118,98,-20,20,0.1694915254237288,98,-20,20,0.1694915254237288,110,-8,8,0.06779661016949153,108,-10,10,0.0847457627118644,110,-8,8,0.06779661016949153,96,-22,22,0.1864406779661017,108,-10,10,0.0847457627118644,108,-10,10,0.0847457627118644,114,-4,4,0.03389830508474576
84,67,-17,17,0.20238095238095238,63,-21,21,0.25,63,-21,21,0.25,96,12,12,0.14285714285714285,82,-2,2,0.023809523809523808,53,-31,31,0.36904761904761907,63,-21,21,0.25,96,12,12,0.14285714285714285,74,-10,10,0.11904761904761904
295,258,-37,37,0.12542372881355932,285,-10,10,0.03389830508474576,260,-35,35,0.11864406779661017,290,-5,5,0.01694915254237288,284,-11,11,0.03728813559322034,277,-18,18,0.061016949152542375,266,-29,29,0.09830508474576272,288,-7,7,0.023728813559322035,282,-13,13,0.04406779661016949
285,206,-79,79,0.2771929824561403,213,-72,72,0.25263157894736843,216,-69,69,0.24210526315789474,248,-37,37,0.12982456140350876,238,-47,47,0.1649122807017544,204,-81,81,0.28421052631578947,202,-83,83,0.2912280701754386,247,-38,38,0.13333333333333333,234,-51,51,0.17894736842105263
161,170,9,9,0.055900621118012424,158,-3,3,0.018633540372670808,154,-7,7,0.043478260869565216,180,19,19,0.11801242236024845,180,19,19,0.11801242236024845,155,-6,6,0.037267080745341616,152,-9,9,0.055900621118012424,170,9,9,0.055900621118012424,172,11,11,0.06832298136645963
114,114,0,0,0.0,119,5,5,0.043859649122807015,124,10,10,0.08771929824561403,126,12,12,0.10526315789473684,122,8,8,0.07017543859649122,108,-6,6,0.05263157894736842,109,-5,5,0.043859649122807015,124,10,10,0.08771929824561403,120,6,6,0.05263157894736842
159,119,-40,40,0.25157232704402516,127,-32,32,0.20125786163522014,141,-18,18,0.11320754716981132,147,-12,12,0.07547169811320754,157,-2,2,0.012578616352201259,130,-29,29,0.18238993710691823,142,-17,17,0.1069182389937107,156,-3,3,0.018867924528301886,155,-4,4,0.025157232704402517
149,165,16,16,0.10738255033557047,139,-10,10,0.06711409395973154,136,-13,13,0.087248322147651,150,1,1,0.006711409395973154,139,-10,10,0.06711409395973154,121,-28,28,0.18791946308724833,121,-28,28,0.18791946308724833,147,-2,2,0.013422818791946308,136,-13,13,0.087248322147651
107,84,-23,23,0.21495327102803738,94,-13,13,0.12149532710280374,102,-5,5,0.04672897196261682,107,0,0,0.0,114,7,7,0.06542056074766354,94,-13,13,0.12149532710280374,89,-18,18,0.16822429906542055,118,11,11,0.102803738317757,128,21,21,0.19626168224299065
131,120,-11,11,0.08396946564885496,118,-13,13,0.09923664122137404,136,5,5,0.03816793893129771,122,-9,9,0.06870229007633588,119,-12,12,0.0916030534351145,115,-16,16,0.12213740458015267,128,-3,3,0.022900763358778626,125,-6,6,0.04580152671755725,116,-15,15,0.11450381679389313
172,214,42,42,0.2441860465116279,177,5,5,0.029069767441860465,180,8,8,0.046511627906976744,204,32,32,0.18604651162790697,178,6,6,0.03488372093023256,160,-12,12,0.06976744186046512,165,-7,7,0.040697674418604654,187,15,15,0.0872093023255814,170,-2,2,0.011627906976744186
77,71,-6,6,0.07792207792207792,86,9,9,0.11688311688311688,83,6,6,0.07792207792207792,77,0,0,0.0,83,6,6,0.07792207792207792,75,-2,2,0.025974025974025976,74,-3,3,0.03896103896103896,80,3,3,0.03896103896103896,83,6,6,0.07792207792207792
123,112,-11,11,0.08943089430894309,115,-8,8,0.06504065040650407,137,14,14,0.11382113821138211,121,-2,2,0.016260162601626018,123,0,0,0.0,114,-9,9,0.07317073170731707,136,13,13,0.10569105691056911,125,2,2,0.016260162601626018,128,5,5,0.04065040650406504
44,39,-5,5,0.11363636363636363,40,-4,4,0.09090909090909091,34,-10,10,0.22727272727272727,55,11,11,0.25,44,0,0,0.0,40,-4,4,0.09090909090909091,29,-15,15,0.3409090909090909,41,-3,3,0.06818181818181818,34,-10,10,0.22727272727272727
74,87,13,13,0.17567567567567569,72,-2,2,0.02702702702702703,77,3,3,0.04054054054054054,88,14,14,0.1891891891891892,72,-2,2,0.02702702702702703,70,-4,4,0.05405405405405406,73,-1,1,0.013513513513513514,81,7,7,0.0945945945945946,77,3,3,0.04054054054054054
43,32,-11,11,0.2558139534883721,33,-10,10,0.23255813953488372,33,-10,10,0.23255813953488372,32,-11,11,0.2558139534883721,31,-12,12,0.27906976744186046,31,-12,12,0.27906976744186046,33,-10,10,0.23255813953488372,31,-12,12,0.27906976744186046,31,-12,12,0.27906976744186046
137,156,19,19,0.1386861313868613,119,-18,18,0.13138686131386862,122,-15,15,0.10948905109489052,115,-22,22,0.16058394160583941,125,-12,12,0.08759124087591241,103,-34,34,0.24817518248175183,119,-18,18,0.13138686131386862,127,-10,10,0.072992700729927,141,4,4,0.029197080291970802
165,102,-63,63,0.38181818181818183,139,-26,26,0.15757575757575756,137,-28,28,0.1696969696969697,157,-8,8,0.048484848484848485,147,-18,18,0.10909090909090909,140,-25,25,0.15151515151515152,142,-23,23,0.1393939393939394,162,-3,3,0.01818181818181818,145,-20,20,0.12121212121212122
161,129,-32,32,0.19875776397515527,148,-13,13,0.08074534161490683,137,-24,24,0.14906832298136646,146,-15,15,0.09316770186335403,143,-18,18,0.11180124223602485,139,-22,22,0.13664596273291926,119,-42,42,0.2608695652173913,152,-9,9,0.055900621118012424,140,-21,21,0.13043478260869565
59,53,-6,6,0.1016949152542373,59,0,0,0.0,58,-1,1,0.01694915254237288,51,-8,8,0.13559322033898305,55,-4,4,0.06779661016949153,59,0,0,0.0,51,-8,8,0.13559322033898305,51,-8,8,0.13559322033898305,70,11,11,0.1864406779661017
116,68,-48,48,0.41379310344827586,89,-27,27,0.23275862068965517,92,-24,24,0.20689655172413793,94,-22,22,0.1896551724137931,91,-25,25,0.21551724137931033,84,-32,32,0.27586206896551724,92,-24,24,0.20689655172413793,107,-9,9,0.07758620689655173,98,-18,18,0.15517241379310345
173,127,-46,46,0.2658959537572254,144,-29,29,0.1676300578034682,158,-15,15,0.08670520231213873,142,-31,31,0.1791907514450867,148,-25,25,0.14450867052023122,138,-35,35,0.2023121387283237,141,-32,32,0.18497109826589594,154,-19,19,0.10982658959537572,163,-10,10,0.057803468208092484
177,113,-64,64,0.3615819209039548,143,-34,34,0.192090395480226,138,-39,39,0.22033898305084745,165,-12,12,0.06779661016949153,176,-1,1,0.005649717514124294,138,-39,39,0.22033898305084745,132,-45,45,0.2542372881355932,174,-3,3,0.01694915254237288,178,1,1,0.005649717514124294
133,96,-37,37,0.2781954887218045,102,-31,31,0.23308270676691728,110,-23,23,0.17293233082706766,104,-29,29,0.21804511278195488,103,-30,30,0.22556390977443608,104,-29,29,0.21804511278195488,110,-23,23,0.17293233082706766,101,-32,32,0.24060150375939848,110,-23,23,0.17293233082706766
140,129,-11,11,0.07857142857142857,118,-22,22,0.15714285714285714,117,-23,23,0.16428571428571428,125,-15,15,0.10714285714285714,119,-21,21,0.15,138,-2,2,0.014285714285714285,123,-17,17,0.12142857142857143,138,-2,2,0.014285714285714285,127,-13,13,0.09285714285714286
184,159,-25,25,0.1358695652173913,171,-13,13,0.07065217391304347,146,-38,38,0.20652173913043478,164,-20,20,0.10869565217391304,166,-18,18,0.09782608695652174,173,-11,11,0.059782608695652176,161,-23,23,0.125,178,-6,6,0.03260869565217391,190,6,6,0.03260869565217391
81,75,-6,6,0.07407407407407407,71,-10,10,0.12345679012345678,77,-4,4,0.04938271604938271,84,3,3,0.037037037037037035,73,-8,8,0.09876543209876543,68,-13,13,0.16049382716049382,67,-14,14,0.1728395061728395,78,-3,3,0.037037037037037035,69,-12,12,0.14814814814814814
161,143,-18,18,0.11180124223602485,141,-20,20,0.12422360248447205,145,-16,16,0.09937888198757763,144,-17,17,0.10559006211180125,147,-14,14,0.08695652173913043,144,-17,17,0.10559006211180125,142,-19,19,0.11801242236024845,147,-14,14,0.08695652173913043,147,-14,14,0.08695652173913043
92,84,-8,8,0.08695652173913043,81,-11,11,0.11956521739130435,92,0,0,0.0,93,1,1,0.010869565217391304,82,-10,10,0.10869565217391304,77,-15,15,0.16304347826086957,81,-11,11,0.11956521739130435,87,-5,5,0.05434782608695652,78,-14,14,0.15217391304347827
347,325,-22,22,0.06340057636887608,320,-27,27,0.07780979827089338,326,-21,21,0.06051873198847262,325,-22,22,0.06340057636887608,334,-13,13,0.037463976945244955,318,-29,29,0.08357348703170028,317,-30,30,0.08645533141210375,333,-14,14,0.040345821325648415,337,-10,10,0.02881844380403458
177,167,-10,10,0.05649717514124294,166,-11,11,0.062146892655367235,163,-14,14,0.07909604519774012,177,0,0,0.0,178,1,1,0.005649717514124294,143,-34,34,0.192090395480226,121,-56,56,0.3163841807909605,165,-12,12,0.06779661016949153,171,-6,6,0.03389830508474576
142,168,26,26,0.18309859154929578,135,-7,7,0.04929577464788732,140,-2,2,0.014084507042253521,156,14,14,0.09859154929577464,135,-7,7,0.04929577464788732,137,-5,5,0.035211267605633804,131,-11,11,0.07746478873239436,156,14,14,0.09859154929577464,153,11,11,0.07746478873239436
58,62,4,4,0.06896551724137931,49,-9,9,0.15517241379310345,49,-9,9,0.15517241379310345,52,-6,6,0.10344827586206896,54,-4,4,0.06896551724137931,46,-12,12,0.20689655172413793,46,-12,12,0.20689655172413793,54,-4,4,0.06896551724137931,51,-7,7,0.1206896551724138
158,156,-2,2,0.012658227848101266,142,-16,16,0.10126582278481013,134,-24,24,0.1518987341772152,133,-25,25,0.15822784810126583,145,-13,13,0.08227848101265822,146,-12,12,0.0759493670886076,136,-22,22,0.13924050632911392,132,-26,26,0.16455696202531644,140,-18,18,0.11392405063291139
116,119,3,3,0.02586206896551724,112,-4,4,0.034482758620689655,98,-18,18,0.15517241379310345,117,1,1,0.008620689655172414,117,1,1,0.008620689655172414,106,-10,10,0.08620689655172414,93,-23,23,0.19827586206896552,104,-12,12,0.10344827586206896,110,-6,6,0.05172413793103448
41,52,11,11,0.2682926829268293,42,1,1,0.024390243902439025,48,7,7,0.17073170731707318,42,1,1,0.024390243902439025,48,7,7,0.17073170731707318,42,1,1,0.024390243902439025,37,-4,4,0.0975609756097561,43,2,2,0.04878048780487805,44,3,3,0.07317073170731707
92,77,-15,15,0.16304347826086957,88,-4,4,0.043478260869565216,88,-4,4,0.043478260869565216,92,0,0,0.0,90,-2,2,0.021739130434782608,89,-3,3,0.03260869565217391,89,-3,3,0.03260869565217391,88,-4,4,0.043478260869565216,84,-8,8,0.08695652173913043
123,125,2,2,0.016260162601626018,124,1,1,0.008130081300813009,116,-7,7,0.056910569105691054,121,-2,2,0.016260162601626018,118,-5,5,0.04065040650406504,113,-10,10,0.08130081300813008,115,-8,8,0.06504065040650407,113,-10,10,0.08130081300813008,113,-10,10,0.08130081300813008
62,67,5,5,0.08064516129032258,52,-10,10,0.16129032258064516,52,-10,10,0.16129032258064516,52,-10,10,0.16129032258064516,51,-11,11,0.1774193548387097,52,-10,10,0.16129032258064516,52,-10,10,0.16129032258064516,55,-7,7,0.11290322580645161,51,-11,11,0.1774193548387097
98,91,-7,7,0.07142857142857142,83,-15,15,0.15306122448979592,84,-14,14,0.14285714285714285,88,-10,10,0.10204081632653061,101,3,3,0.030612244897959183,91,-7,7,0.07142857142857142,84,-14,14,0.14285714285714285,106,8,8,0.08163265306122448,97,-1,1,0.01020408163265306
135,113,-22,22,0.16296296296296298,110,-25,25,0.18518518518518517,104,-31,31,0.22962962962962963,132,-3,3,0.022222222222222223,136,1,1,0.007407407407407408,110,-25,25,0.18518518518518517,104,-31,31,0.22962962962962963,116,-19,19,0.14074074074074075,116,-19,19,0.14074074074074075
123,109,-14,14,0.11382113821138211,114,-9,9,0.07317073170731707,114,-9,9,0.07317073170731707,127,4,4,0.032520325203252036,127,4,4,0.032520325203252036,101,-22,22,0.17886178861788618,101,-22,22,0.17886178861788618,129,6,6,0.04878048780487805,127,4,4,0.032520325203252036
154,148,-6,6,0.03896103896103896,124,-30,30,0.19480519480519481,129,-25,25,0.16233766233766234,154,0,0,0.0,152,-2,2,0.012987012987012988,117,-37,37,0.24025974025974026,126,-28,28,0.18181818181818182,150,-4,4,0.025974025974025976,153,-1,1,0.006493506493506494
43,41,-2,2,0.046511627906976744,37,-6,6,0.13953488372093023,41,-2,2,0.046511627906976744,37,-6,6,0.13953488372093023,41,-2,2,0.046511627906976744,44,1,1,0.023255813953488372,45,2,2,0.046511627906976744,43,0,0,0.0,42,-1,1,0.023255813953488372
100,104,4,4,0.04,88,-12,12,0.12,88,-12,12,0.12,103,3,3,0.03,98,-2,2,0.02,85,-15,15,0.15,79,-21,21,0.21,93,-7,7,0.07,89,-11,11,0.11
105,128,23,23,0.21904761904761905,113,8,8,0.0761904761904762,122,17,17,0.1619047619047619,111,6,6,0.05714285714285714,111,6,6,0.05714285714285714,111,6,6,0.05714285714285714,113,8,8,0.0761904761904762,110,5,5,0.047619047619047616,109,4,4,0.0380952380952381
38,50,12,12,0.3157894736842105,49,11,11,0.2894736842105263,49,11,11,0.2894736842105263,51,13,13,0.34210526315789475,49,11,11,0.2894736842105263,31,-7,7,0.18421052631578946,40,2,2,0.05263157894736842,45,7,7,0.18421052631578946,45,7,7,0.18421052631578946
32,45,13,13,0.40625,37,5,5,0.15625,37,5,5,0.15625,40,8,8,0.25,40,8,8,0.25,32,0,0,0.0,31,-1,1,0.03125,38,6,6,0.1875,38,6,6,0.1875
138,166,28,28,0.2028985507246377,160,22,22,0.15942028985507245,159,21,21,0.15217391304347827,146,8,8,0.057971014492753624,154,16,16,0.11594202898550725,128,-10,10,0.07246376811594203,132,-6,6,0.043478260869565216,136,-2,2,0.014492753623188406,138,0,0,0.0
120,123,3,3,0.025,111,-9,9,0.075,107,-13,13,0.10833333333333334,121,1,1,0.008333333333333333,123,3,3,0.025,123,3,3,0.025,106,-14,14,0.11666666666666667,122,2,2,0.016666666666666666,116,-4,4,0.03333333333333333
91,86,-5,5,0.054945054945054944,88,-3,3,0.03296703296703297,102,11,11,0.12087912087912088,94,3,3,0.03296703296703297,100,9,9,0.0989010989010989,89,-2,2,0.02197802197802198,80,-11,11,0.12087912087912088,99,8,8,0.08791208791208792,94,3,3,0.03296703296703297
132,127,-5,5,0.03787878787878788,128,-4,4,0.030303030303030304,128,-4,4,0.030303030303030304,135,3,3,0.022727272727272728,133,1,1,0.007575757575757576,126,-6,6,0.045454545454545456,132,0,0,0.0,135,3,3,0.022727272727272728,128,-4,4,0.030303030303030304
178,166,-12,12,0.06741573033707865,166,-12,12,0.06741573033707865,166,-12,12,0.06741573033707865,180,2,2,0.011235955056179775,179,1,1,0.0056179775280898875,159,-19,19,0.10674157303370786,151,-27,27,0.15168539325842698,170,-8,8,0.0449438202247191,170,-8,8,0.0449438202247191
112,135,23,23,0.20535714285714285,109,-3,3,0.026785714285714284,102,-10,10,0.08928571428571429,121,9,9,0.08035714285714286,126,14,14,0.125,107,-5,5,0.044642857142857144,90,-22,22,0.19642857142857142,97,-15,15,0.13392857142857142,96,-16,16,0.14285714285714285
155,153,-2,2,0.012903225806451613,158,3,3,0.01935483870967742,157,2,2,0.012903225806451613,160,5,5,0.03225806451612903,155,0,0,0.0,153,-2,2,0.012903225806451613,148,-7,7,0.04516129032258064,161,6,6,0.03870967741935484,162,7,7,0.04516129032258064
145,149,4,4,0.027586206896551724,134,-11,11,0.07586206896551724,126,-19,19,0.1310344827586207,128,-17,17,0.11724137931034483,130,-15,15,0.10344827586206896,134,-11,11,0.07586206896551724,130,-15,15,0.10344827586206896,129,-16,16,0.1103448275862069,130,-15,15,0.10344827586206896
185,214,29,29,0.15675675675675677,176,-9,9,0.04864864864864865,191,6,6,0.032432432432432434,185,0,0,0.0,191,6,6,0.032432432432432434,172,-13,13,0.07027027027027027,173,-12,12,0.06486486486486487,186,1,1,0.005405405405405406,196,11,11,0.05945945945945946
65,75,10,10,0.15384615384615385,62,-3,3,0.046153846153846156,62,-3,3,0.046153846153846156,62,-3,3,0.046153846153846156,62,-3,3,0.046153846153846156,65,0,0,0.0,63,-2,2,0.03076923076923077,69,4,4,0.06153846153846154,62,-3,3,0.046153846153846156
152,148,-4,4,0.02631578947368421,139,-13,13,0.08552631578947369,138,-14,14,0.09210526315789473,160,8,8,0.05263157894736842,155,3,3,0.019736842105263157,138,-14,14,0.09210526315789473,140,-12,12,0.07894736842105263,149,-3,3,0.019736842105263157,143,-9,9,0.05921052631578947
211,226,15,15,0.07109004739336493,201,-10,10,0.04739336492890995,191,-20,20,0.0947867298578199,211,0,0,0.0,212,1,1,0.004739336492890996,189,-22,22,0.10426540284360189,167,-44,44,0.20853080568720378,221,10,10,0.04739336492890995,204,-7,7,0.03317535545023697
85,94,9,9,0.10588235294117647,91,6,6,0.07058823529411765,90,5,5,0.058823529411764705,88,3,3,0.03529411764705882,85,0,0,0.0,81,-4,4,0.047058823529411764,75,-10,10,0.11764705882352941,82,-3,3,0.03529411764705882,81,-4,4,0.047058823529411764
161,194,33,33,0.20496894409937888,175,14,14,0.08695652173913043,160,-1,1,0.006211180124223602,159,-2,2,0.012422360248447204,171,10,10,0.062111801242236024,156,-5,5,0.031055900621118012,156,-5,5,0.031055900621118012,153,-8,8,0.049689440993788817,160,-1,1,0.006211180124223602
66,62,-4,4,0.06060606060606061,67,1,1,0.015151515151515152,63,-3,3,0.045454545454545456,64,-2,2,0.030303030303030304,59,-7,7,0.10606060606060606,64,-2,2,0.030303030303030304,65,-1,1,0.015151515151515152,69,3,3,0.045454545454545456,70,4,4,0.06060606060606061
76,96,20,20,0.2631578947368421,86,10,10,0.13157894736842105,83,7,7,0.09210526315789473,84,8,8,0.10526315789473684,76,0,0,0.0,82,6,6,0.07894736842105263,90,14,14,0.18421052631578946,92,16,16,0.21052631578947367,76,0,0,0.0
13,27,14,14,1.0769230769230769,15,2,2,0.15384615384615385,15,2,2,0.15384615384615385,15,2,2,0.15384615384615385,15,2,2,0.15384615384615385,13,0,0,0.0,13,0,0,0.0,13,0,0,0.0,13,0,0,0.0
13,16,3,3,0.23076923076923078,16,3,3,0.23076923076923078,16,3,3,0.23076923076923078,16,3,3,0.23076923076923078,16,3,3,0.23076923076923078,16,3,3,0.23076923076923078,16,3,3,0.23076923076923078,11,-2,2,0.15384615384615385,11,-2,2,0.15384615384615385
137,128,-9,9,0.06569343065693431,118,-19,19,0.1386861313868613,122,-15,15,0.10948905109489052,122,-15,15,0.10948905109489052,133,-4,4,0.029197080291970802,123,-14,14,0.10218978102189781,108,-29,29,0.2116788321167883,119,-18,18,0.13138686131386862,131,-6,6,0.043795620437956206
135,143,8,8,0.05925925925925926,126,-9,9,0.06666666666666667,128,-7,7,0.05185185185185185,136,1,1,0.007407407407407408,128,-7,7,0.05185185185185185,126,-9,9,0.06666666666666667,133,-2,2,0.014814814814814815,145,10,10,0.07407407407407407,128,-7,7,0.05185185185185185
68,76,8,8,0.11764705882352941,56,-12,12,0.17647058823529413,62,-6,6,0.08823529411764706,84,16,16,0.23529411764705882,89,21,21,0.3088235294117647,56,-12,12,0.17647058823529413,53,-15,15,0.22058823529411764,81,13,13,0.19117647058823528,84,16,16,0.23529411764705882
34,33,-1,1,0.029411764705882353,37,3,3,0.08823529411764706,33,-1,1,0.029411764705882353,32,-2,2,0.058823529411764705,32,-2,2,0.058823529411764705,36,2,2,0.058823529411764705,31,-3,3,0.08823529411764706,32,-2,2,0.058823529411764705,32,-2,2,0.058823529411764705
86,86,0,0,0.0,84,-2,2,0.023255813953488372,82,-4,4,0.046511627906976744,84,-2,2,0.023255813953488372,81,-5,5,0.05813953488372093,67,-19,19,0.22093023255813954,67,-19,19,0.22093023255813954,80,-6,6,0.06976744186046512,83,-3,3,0.03488372093023256
37,34,-3,3,0.08108108108108109,41,4,4,0.10810810810810811,39,2,2,0.05405405405405406,41,4,4,0.10810810810810811,40,3,3,0.08108108108108109,33,-4,4,0.10810810810810811,35,-2,2,0.05405405405405406,42,5,5,0.13513513513513514,40,3,3,0.08108108108108109
69,76,7,7,0.10144927536231885,68,-1,1,0.014492753623188406,73,4,4,0.057971014492753624,60,-9,9,0.13043478260869565,58,-11,11,0.15942028985507245,66,-3,3,0.043478260869565216,58,-11,11,0.15942028985507245,73,4,4,0.057971014492753624,69,0,0,0.0
143,141,-2,2,0.013986013986013986,145,2,2,0.013986013986013986,140,-3,3,0.02097902097902098,136,-7,7,0.04895104895104895,136,-7,7,0.04895104895104895,147,4,4,0.027972027972027972,144,1,1,0.006993006993006993,130,-13,13,0.09090909090909091,136,-7,7,0.04895104895104895
151,150,-1,1,0.006622516556291391,157,6,6,0.039735099337748346,159,8,8,0.052980132450331126,170,19,19,0.12582781456953643,183,32,32,0.2119205298013245,150,-1,1,0.006622516556291391,137,-14,14,0.09271523178807947,172,21,21,0.1390728476821192,172,21,21,0.1390728476821192
152,164,12,12,0.07894736842105263,154,2,2,0.013157894736842105,142,-10,10,0.06578947368421052,146,-6,6,0.039473684210526314,168,16,16,0.10526315789473684,112,-40,40,0.2631578947368421,110,-42,42,0.27631578947368424,156,4,4,0.02631578947368421,168,16,16,0.10526315789473684
162,167,5,5,0.030864197530864196,158,-4,4,0.024691358024691357,154,-8,8,0.04938271604938271,165,3,3,0.018518518518518517,150,-12,12,0.07407407407407407,146,-16,16,0.09876543209876543,160,-2,2,0.012345679012345678,161,-1,1,0.006172839506172839,162,0,0,0.0
184,166,-18,18,0.09782608695652174,169,-15,15,0.08152173913043478,164,-20,20,0.10869565217391304,188,4,4,0.021739130434782608,176,-8,8,0.043478260869565216,160,-24,24,0.13043478260869565,149,-35,35,0.19021739130434784,182,-2,2,0.010869565217391304,172,-12,12,0.06521739130434782
90,120,30,30,0.3333333333333333,98,8,8,0.08888888888888889,99,9,9,0.1,100,10,10,0.1111111111111111,97,7,7,0.07777777777777778,93,3,3,0.03333333333333333,83,-7,7,0.07777777777777778,99,9,9,0.1,91,1,1,0.011111111111111112
105,109,4,4,0.0380952380952381,102,-3,3,0.02857142857142857,105,0,0,0.0,115,10,10,0.09523809523809523,132,27,27,0.2571428571428571,95,-10,10,0.09523809523809523,101,-4,4,0.0380952380952381,112,7,7,0.06666666666666667,127,22,22,0.20952380952380953
124,121,-3,3,0.024193548387096774,114,-10,10,0.08064516129032258,120,-4,4,0.03225806451612903,137,13,13,0.10483870967741936,132,8,8,0.06451612903225806,112,-12,12,0.0967741935483871,124,0,0,0.0,135,11,11,0.08870967741935484,133,9,9,0.07258064516129033
121,120,-1,1,0.008264462809917356,101,-20,20,0.1652892561983471,115,-6,6,0.049586776859504134,109,-12,12,0.09917355371900827,113,-8,8,0.06611570247933884,100,-21,21,0.17355371900826447,103,-18,18,0.1487603305785124,113,-8,8,0.06611570247933884,108,-13,13,0.10743801652892562
69,80,11,11,0.15942028985507245,71,2,2,0.028985507246376812,68,-1,1,0.014492753623188406,84,15,15,0.21739130434782608,83,14,14,0.2028985507246377,71,2,2,0.028985507246376812,57,-12,12,0.17391304347826086,89,20,20,0.2898550724637681,82,13,13,0.18840579710144928
55,74,19,19,0.34545454545454546,63,8,8,0.14545454545454545,56,1,1,0.01818181818181818,71,16,16,0.2909090909090909,84,29,29,0.5272727272727272,56,1,1,0.01818181818181818,56,1,1,0.01818181818181818,68,13,13,0.23636363636363636,70,15,15,0.2727272727272727
160,173,13,13,0.08125,152,-8,8,0.05,154,-6,6,0.0375,178,18,18,0.1125,173,13,13,0.08125,131,-29,29,0.18125,137,-23,23,0.14375,174,14,14,0.0875,169,9,9,0.05625
277,280,3,3,0.010830324909747292,278,1,1,0.0036101083032490976,300,23,23,0.08303249097472924,294,17,17,0.061371841155234655,287,10,10,0.036101083032490974,252,-25,25,0.09025270758122744,269,-8,8,0.02888086642599278,285,8,8,0.02888086642599278,278,1,1,0.0036101083032490976
100,86,-14,14,0.14,86,-14,14,0.14,80,-20,20,0.2,99,-1,1,0.01,104,4,4,0.04,79,-21,21,0.21,78,-22,22,0.22,105,5,5,0.05,108,8,8,0.08
107,112,5,5,0.04672897196261682,89,-18,18,0.16822429906542055,101,-6,6,0.056074766355140186,115,8,8,0.07476635514018691,105,-2,2,0.018691588785046728,91,-16,16,0.14953271028037382,101,-6,6,0.056074766355140186,117,10,10,0.09345794392523364,117,10,10,0.09345794392523364
111,108,-3,3,0.02702702702702703,93,-18,18,0.16216216216216217,104,-7,7,0.06306306306306306,112,1,1,0.009009009009009009,110,-1,1,0.009009009009009009,78,-33,33,0.2972972972972973,88,-23,23,0.2072072072072072,116,5,5,0.04504504504504504,118,7,7,0.06306306306306306
165,174,9,9,0.05454545454545454,158,-7,7,0.04242424242424243,174,9,9,0.05454545454545454,170,5,5,0.030303030303030304,163,-2,2,0.012121212121212121,159,-6,6,0.03636363636363636,156,-9,9,0.05454545454545454,165,0,0,0.0,150,-15,15,0.09090909090909091
70,65,-5,5,0.07142857142857142,66,-4,4,0.05714285714285714,66,-4,4,0.05714285714285714,65,-5,5,0.07142857142857142,59,-11,11,0.15714285714285714,62,-8,8,0.11428571428571428,62,-8,8,0.11428571428571428,65,-5,5,0.07142857142857142,59,-11,11,0.15714285714285714
33,43,10,10,0.30303030303030304,31,-2,2,0.06060606060606061,31,-2,2,0.06060606060606061,31,-2,2,0.06060606060606061,31,-2,2,0.06060606060606061,30,-3,3,0.09090909090909091,30,-3,3,0.09090909090909091,34,1,1,0.030303030303030304,34,1,1,0.030303030303030304
135,113,-22,22,0.16296296296296298,117,-18,18,0.13333333333333333,126,-9,9,0.06666666666666667,132,-3,3,0.022222222222222223,120,-15,15,0.1111111111111111,127,-8,8,0.05925925925925926,119,-16,16,0.11851851851851852,136,1,1,0.007407407407407408,128,-7,7,0.05185185185185185
213,195,-18,18,0.08450704225352113,200,-13,13,0.06103286384976526,195,-18,18,0.08450704225352113,207,-6,6,0.028169014084507043,205,-8,8,0.03755868544600939,208,-5,5,0.023474178403755867,200,-13,13,0.06103286384976526,209,-4,4,0.018779342723004695,214,1,1,0.004694835680751174
78,64,-14,14,0.1794871794871795,69,-9,9,0.11538461538461539,87,9,9,0.11538461538461539,71,-7,7,0.08974358974358974,80,2,2,0.02564102564102564,70,-8,8,0.10256410256410256,73,-5,5,0.0641025641025641,71,-7,7,0.08974358974358974,80,2,2,0.02564102564102564
